0001_352403456_cars.jpg,cars,0.167969,0.078125,0.242188,0.0742188,0.0585938,0.0507812,0.0585938,0.136719,0.0859375,0.046875
0001_389068663_plane.jpg,plane,0.0,0.125926,0.0148148,0.251852,0.0814815,0.0518519,0.111111,0.140741,0.177778,0.0444444
0002_1021429225_plane.jpg,plane,0.148276,0.0758621,0.110345,0.0413793,0.0896552,0.0586207,0.110345,0.137931,0.124138,0.103448
0002_2138445810_coral.jpg,coral,0.140541,0.118919,0.108108,0.124324,0.0918919,0.027027,0.0810811,0.0972973,0.151351,0.0594595
0002_376728638_dog.jpg,dog,0.0515464,0.118557,0.0876289,0.226804,0.108247,0.0412371,0.113402,0.0773196,0.14433,0.0309278
0002_447459573_plane.jpg,plane,0.130081,0.138211,0.105691,0.243902,0.0487805,0.130081,0.0569106,0.0325203,0.0813008,0.0325203
0003_15805308_computer.jpg,computer,0.0532787,0.0819672,0.0737705,0.0860656,0.0942623,0.0532787,0.106557,0.143443,0.168033,0.139344
0003_22755481_plane.jpg,plane,0.146789,0.0825688,0.137615,0.247706,0.0366972,0.0825688,0.0458716,0.0825688,0.0733945,0.0642202
0003_2696108622_snow.jpg,snow,0.114625,0.114625,0.0790514,0.189723,0.0909091,0.055336,0.0909091,0.0869565,0.0790514,0.0988142
0003_2706975788_cat.jpg,cat,0.0970874,0.0809062,0.0809062,0.0420712,0.0744337,0.0679612,0.0873786,0.153722,0.165049,0.150485
0003_389068668_plane.jpg,plane,0.077821,0.108949,0.18677,0.0583658,0.0894942,0.108949,0.120623,0.0894942,0.0933852,0.0661479
0003_488456796_plane.jpg,plane,0.0,0.1,0.05,0.2,0.1,0.05,0.1,0.1,0.25,0.05
0003_53362410_sign.jpg,sign,0.129032,0.0215054,0.215054,0.0430108,0.139785,0.0645161,0.0860215,0.129032,0.129032,0.0430108
0004_1589009678_coral.jpg,coral,0.0495495,0.119369,0.0698198,0.0427928,0.101351,0.0405405,0.0653153,0.186937,0.202703,0.121622
0004_389068680_plane.jpg,plane,0.0106383,0.191489,0.0106383,0.106383,0.0957447,0.117021,0.0957447,0.148936,0.117021,0.106383
0004_41427128_coral.jpg,coral,0.0472441,0.0437445,0.0542432,0.00787402,0.0848644,0.0174978,0.0971129,0.222222,0.240595,0.184602
0004_41427128_fish.jpg,fish,0.0472441,0.0437445,0.0542432,0.00787402,0.0848644,0.0174978,0.0971129,0.222222,0.240595,0.184602
0004_464793955_cat.jpg,cat,0.140845,0.0915493,0.0915493,0.176056,0.21831,0.0352113,0.0774648,0.0774648,0.056338,0.0352113
0005_2348707486_plane.jpg,plane,0.138889,0.240741,0.203704,0.0555556,0.00925926,0.157407,0.0185185,0.0462963,0.0462963,0.0833333
0005_2736069940_tree.jpg,tree,0.163462,0.0528846,0.0432692,0.197115,0.139423,0.0432692,0.120192,0.0865385,0.0673077,0.0865385
0005_3852131_dog.jpg,dog,0.0469012,0.0887772,0.100503,0.117253,0.0887772,0.0284757,0.0770519,0.167504,0.164154,0.120603
0005_389068665_plane.jpg,plane,0.15748,0.212598,0.15748,0.149606,0.0314961,0.102362,0.0314961,0.0708661,0.0629921,0.023622
0005_84655830_plane.jpg,plane,0.12,0.146667,0.0933333,0.106667,0.04,0.146667,0.0533333,0.106667,0.12,0.0666667
0006_209115798_window.jpg,window,0.14218,0.0758294,0.0521327,0.180095,0.0900474,0.0758294,0.109005,0.104265,0.104265,0.0663507
0006_2202849133_tiger.jpg,tiger,0.0963855,0.0722892,0.0903614,0.204819,0.0873494,0.0542169,0.0903614,0.0933735,0.0813253,0.129518
0006_389068675_plane.jpg,plane,0.0272727,0.109091,0.0818182,0.145455,0.0818182,0.0636364,0.0636364,0.181818,0.163636,0.0818182
0006_8486340_birds.jpg,birds,0.0473934,0.0379147,0.028436,0.28436,0.0805687,0.0379147,0.0853081,0.180095,0.109005,0.109005
0007_160357182_coral.jpg,coral,0.0526316,0.0671053,0.0355263,0.105263,0.130263,0.0289474,0.135526,0.182895,0.161842,0.1
0007_217756490_flags.jpg,flags,0.0519878,0.122324,0.0642202,0.146789,0.0917431,0.0917431,0.125382,0.0978593,0.140673,0.0672783
0007_2493659489_horses.jpg,horses,0.0628743,0.137725,0.0449102,0.179641,0.0568862,0.10479,0.0538922,0.125749,0.131737,0.101796
0007_34964321_computer.jpg,computer,0.135135,0.027027,0.0972973,0.178378,0.124324,0.0486486,0.108108,0.113514,0.102703,0.0648649
0007_389068672_plane.jpg,plane,0.110577,0.192308,0.0625,0.153846,0.0336538,0.177885,0.0432692,0.0817308,0.0769231,0.0673077
0007_940780300_flowers.jpg,flowers,0.0742358,0.069869,0.104803,0.0786026,0.131004,0.0655022,0.113537,0.157205,0.131004,0.0742358
0008_1072834393_plane.jpg,plane,0.0552486,0.176796,0.121547,0.18232,0.0718232,0.104972,0.0718232,0.0718232,0.0939227,0.0497238
0008_1286063308_leaf.jpg,leaf,0.144796,0.0633484,0.081448,0.122172,0.113122,0.0633484,0.108597,0.113122,0.131222,0.0588235
0008_1937292659_plane.jpg,plane,0.0,0.3,0.0,0.05,0.1,0.075,0.125,0.175,0.15,0.025
0008_2055905845_zebra.jpg,zebra,0.133127,0.0712074,0.263158,0.0216718,0.0371517,0.278638,0.0433437,0.0526316,0.0526316,0.0464396
0008_310398497_tree.jpg,tree,0.0689655,0.283525,0.0383142,0.122605,0.0804598,0.187739,0.0804598,0.0574713,0.0574713,0.0229885
0009_1382400520_dog.jpg,dog,0.0771704,0.106109,0.073955,0.131833,0.096463,0.0578778,0.102894,0.135048,0.11254,0.106109
0009_6481762_cat.jpg,cat,0.110256,0.0692308,0.0769231,0.158974,0.0794872,0.0666667,0.0717949,0.133333,0.123077,0.110256
0009_89559712_horses.jpg,horses,0.151111,0.0844444,0.106667,0.244444,0.0622222,0.0577778,0.0711111,0.0844444,0.0844444,0.0533333
0010_231649733_tiger.jpg,tiger,0.130332,0.130332,0.0924171,0.0947867,0.0663507,0.130332,0.0900474,0.0805687,0.0734597,0.111374
0010_326503083_boats.jpg,boats,0.147368,0.115789,0.0894737,0.121053,0.110526,0.1,0.121053,0.0842105,0.0631579,0.0473684
0010_462514707_plane.jpg,plane,0.117647,0.102941,0.0588235,0.411765,0.102941,0.0441176,0.0588235,0.0147059,0.0441176,0.0441176
0011_1167417963_flowers.jpg,flowers,0.0730337,0.0505618,0.0842697,0.115169,0.0674157,0.0280899,0.0561798,0.140449,0.219101,0.16573
0011_2271948699_cars.jpg,cars,0.157068,0.0837696,0.167539,0.104712,0.0575916,0.078534,0.0890052,0.104712,0.0994764,0.0575916
0011_264796015_sign.jpg,sign,0.037464,0.103746,0.0634006,0.0634006,0.0605187,0.0662824,0.0605187,0.170029,0.164265,0.210375
0011_91957110_plane.jpg,plane,0.10101,0.171717,0.141414,0.131313,0.020202,0.242424,0.030303,0.0808081,0.030303,0.050505
0012_111169497_fish.jpg,fish,0.0666667,0.0,0.0333333,0.2,0.1,0.0,0.166667,0.1,0.166667,0.166667
0012_1803230025_tower.jpg,tower,0.0608466,0.0634921,0.0132275,0.0582011,0.164021,0.047619,0.164021,0.171958,0.166667,0.0899471
0012_200360332_coral.jpg,coral,0.0940767,0.0836237,0.146341,0.0836237,0.0766551,0.0662021,0.114983,0.12892,0.101045,0.10453
0012_253993371_rainbow.jpg,rainbow,0.0384615,0.0384615,0.0384615,0.538462,0.115385,0.115385,0.0769231,0.0384615,0.0,0.0
0012_9478475_train.jpg,train,0.0648148,0.101852,0.0462963,0.138889,0.101852,0.0833333,0.0740741,0.175926,0.148148,0.0648148
0013_237187436_plane.jpg,plane,0.025641,0.0512821,0.0,0.333333,0.25641,0.0512821,0.179487,0.025641,0.0512821,0.025641
0013_272421059_birds.jpg,birds,0.0416667,0.0416667,0.0416667,0.416667,0.208333,0.0,0.208333,0.0,0.0416667,0.0
0013_91957114_plane.jpg,plane,0.109589,0.150685,0.130137,0.0616438,0.116438,0.0958904,0.0753425,0.0753425,0.0479452,0.136986
0014_307960000_rocks.jpg,rocks,0.112,0.04,0.048,0.328,0.072,0.024,0.136,0.128,0.064,0.048
0015_135096129_plane.jpg,plane,0.0992366,0.0687023,0.10687,0.0763359,0.0839695,0.0610687,0.129771,0.10687,0.160305,0.10687
0015_3964311_train.jpg,train,0.12,0.146667,0.146667,0.186667,0.0666667,0.04,0.04,0.0933333,0.106667,0.0533333
0016_65645647_whales.jpg,whales,0.318182,0.0,0.227273,0.227273,0.0757576,0.0,0.0454545,0.0606061,0.0454545,0.0
0017_210986563_rocks.jpg,rocks,0.0814664,0.0875764,0.0875764,0.0712831,0.089613,0.0407332,0.0936864,0.152749,0.179226,0.11609
0017_254861851_coral.jpg,coral,0.115702,0.0929752,0.115702,0.0847107,0.088843,0.0950413,0.0929752,0.121901,0.107438,0.0847107
0017_254861851_fish.jpg,fish,0.115702,0.0929752,0.115702,0.0847107,0.088843,0.0950413,0.0929752,0.121901,0.107438,0.0847107
0017_396050911_whales.jpg,whales,0.225352,0.028169,0.323944,0.0704225,0.084507,0.0140845,0.084507,0.084507,0.084507,0.0
0018_1198991835_antlers.jpg,antlers,0.0677966,0.0847458,0.0508475,0.135593,0.152542,0.0,0.152542,0.186441,0.152542,0.0169492
0018_167630455_bear.jpg,bear,0.103604,0.0855856,0.0540541,0.130631,0.103604,0.045045,0.117117,0.135135,0.157658,0.0675676
0018_368716755_plane.jpg,plane,0.0769231,0.288462,0.134615,0.0192308,0.0192308,0.192308,0.0576923,0.0961538,0.0384615,0.0769231
0018_968389692_zebra.jpg,zebra,0.0867209,0.0542005,0.143631,0.108401,0.0785908,0.0948509,0.0921409,0.146341,0.119241,0.0758808
0019_2111187900_train.jpg,train,0.170984,0.11399,0.217617,0.165803,0.0569948,0.0569948,0.0414508,0.0621762,0.0777202,0.0362694
0019_283448259_window.jpg,window,0.195652,0.173913,0.108696,0.0,0.0652174,0.0217391,0.0652174,0.0869565,0.108696,0.173913
0019_313109121_antlers.jpg,antlers,0.0756098,0.0585366,0.0414634,0.202439,0.0926829,0.0365854,0.104878,0.141463,0.12439,0.121951
0019_313109121_dog.jpg,dog,0.0756098,0.0585366,0.0414634,0.202439,0.0926829,0.0365854,0.104878,0.141463,0.12439,0.121951
0019_423862738_birds.jpg,birds,0.105495,0.0791209,0.105495,0.0593407,0.0725275,0.032967,0.0703297,0.156044,0.147253,0.171429
0020_1350559729_bear.jpg,bear,0.107527,0.0752688,0.11828,0.193548,0.0860215,0.0107527,0.107527,0.0860215,0.11828,0.0967742
0020_169028344_dog.jpg,dog,0.0472441,0.0669291,0.0433071,0.307087,0.0551181,0.0354331,0.0669291,0.114173,0.114173,0.149606
0020_2312863941_rocks.jpg,rocks,0.0758929,0.169643,0.0491071,0.165179,0.0848214,0.0758929,0.0848214,0.116071,0.120536,0.0580357
0020_386347744_antlers.jpg,antlers,0.080292,0.0948905,0.0510949,0.189781,0.124088,0.0364963,0.080292,0.153285,0.145985,0.0437956
0021_289473728_plane.jpg,plane,0.134409,0.102151,0.107527,0.0322581,0.0860215,0.0887097,0.0537634,0.126344,0.129032,0.139785
0021_296129022_antlers.jpg,antlers,0.0,0.057971,0.0,0.463768,0.0869565,0.0434783,0.144928,0.115942,0.0724638,0.0144928
0021_311285917_cat.jpg,cat,0.133333,0.0974359,0.0717949,0.148718,0.0461538,0.0615385,0.0974359,0.123077,0.117949,0.102564
0021_473262513_coral.jpg,coral,0.0584677,0.145161,0.0564516,0.0181452,0.100806,0.0483871,0.0987903,0.167339,0.147177,0.159274
0021_473262513_fish.jpg,fish,0.0584677,0.145161,0.0564516,0.0181452,0.100806,0.0483871,0.0987903,0.167339,0.147177,0.159274
0022_106045396_leaf.jpg,leaf,0.0900474,0.0805687,0.0781991,0.0260664,0.146919,0.0734597,0.137441,0.127962,0.101896,0.137441
0022_2355216100_plane.jpg,plane,0.0429448,0.190184,0.0184049,0.0613497,0.0797546,0.104294,0.0613497,0.0858896,0.122699,0.233129
0022_298253000_antlers.jpg,antlers,0.129094,0.140655,0.104046,0.0308285,0.0924855,0.102119,0.0674374,0.115607,0.109827,0.1079
0022_43946201_computer.jpg,computer,0.0962567,0.0962567,0.101604,0.128342,0.0748663,0.0855615,0.0909091,0.128342,0.117647,0.0802139
0022_468395542_tower.jpg,tower,0.130178,0.112426,0.130178,0.0473373,0.130178,0.0473373,0.0887574,0.12426,0.136095,0.0532544
0022_498609706_coral.jpg,coral,0.0625,0.0673077,0.0721154,0.197115,0.149038,0.0336538,0.139423,0.129808,0.0961538,0.0528846
0022_498609706_fish.jpg,fish,0.0625,0.0673077,0.0721154,0.197115,0.149038,0.0336538,0.139423,0.129808,0.0961538,0.0528846
0023_193888626_plane.jpg,plane,0.132404,0.167247,0.114983,0.0557491,0.0522648,0.0836237,0.0627178,0.114983,0.132404,0.0836237
0023_373456480_boats.jpg,boats,0.101942,0.145631,0.109223,0.0703883,0.0679612,0.0752427,0.0970874,0.114078,0.13835,0.0800971
0023_420328710_zebra.jpg,zebra,0.0282486,0.0734463,0.0734463,0.146893,0.112994,0.0734463,0.101695,0.169492,0.158192,0.0621469
0023_664494180_cat.jpg,cat,0.0540541,0.0756757,0.0378378,0.194595,0.113514,0.0108108,0.113514,0.178378,0.108108,0.113514
0024_1311421001_flags.jpg,flags,0.0884956,0.0176991,0.0530973,0.389381,0.115044,0.0353982,0.176991,0.0442478,0.0530973,0.0265487
0024_1336652415_plane.jpg,plane,0.0,0.146341,0.0,0.268293,0.097561,0.0243902,0.121951,0.097561,0.219512,0.0243902
0024_2301900496_flowers.jpg,flowers,0.172414,0.0689655,0.0804598,0.0344828,0.114943,0.045977,0.206897,0.0804598,0.091954,0.103448
0024_265446043_boats.jpg,boats,0.111111,0.152778,0.101852,0.157407,0.0740741,0.0509259,0.0787037,0.101852,0.12037,0.0509259
0024_361715849_antlers.jpg,antlers,0.0436893,0.038835,0.106796,0.203883,0.106796,0.0436893,0.0970874,0.131068,0.150485,0.0776699
0025_125406680_birds.jpg,birds,0.0363636,0.168182,0.05,0.145455,0.0636364,0.0909091,0.0590909,0.118182,0.1,0.168182
0025_2205872621_antlers.jpg,antlers,0.0358974,0.0615385,0.14359,0.328205,0.0307692,0.025641,0.0205128,0.117949,0.112821,0.123077
0025_371671989_plane.jpg,plane,0.144578,0.0843373,0.108434,0.168675,0.0963855,0.0843373,0.0963855,0.10241,0.060241,0.0542169
0025_377465084_tower.jpg,tower,0.0838323,0.11976,0.0718563,0.11976,0.0838323,0.0718563,0.0778443,0.131737,0.149701,0.0898204
0025_449866352_dog.jpg,dog,0.0721649,0.139175,0.0618557,0.226804,0.0979381,0.0309278,0.056701,0.123711,0.128866,0.0618557
0025_542183189_beach.jpg,beach,0.0833333,0.111111,0.0277778,0.166667,0.0277778,0.0833333,0.138889,0.166667,0.111111,0.0833333
0026_512455502_coral.jpg,coral,0.072314,0.0950413,0.13843,0.018595,0.0557851,0.0227273,0.0454545,0.262397,0.214876,0.0743802
0027_158181908_whales.jpg,whales,0.0887097,0.0833333,0.0537634,0.150538,0.102151,0.0215054,0.104839,0.166667,0.123656,0.104839
0027_2140372749_snow.jpg,snow,0.131034,0.144828,0.0965517,0.110345,0.0965517,0.0827586,0.131034,0.0689655,0.0758621,0.062069
0027_2182667104_antlers.jpg,antlers,0.0515695,0.118834,0.0672646,0.0964126,0.0896861,0.0829596,0.0874439,0.127803,0.168161,0.109865
0028_1070815604_alley.jpg,alley,0.101167,0.0194553,0.0856031,0.101167,0.132296,0.0233463,0.124514,0.167315,0.120623,0.124514
0028_1070815604_flowers.jpg,flowers,0.101167,0.0194553,0.0856031,0.101167,0.132296,0.0233463,0.124514,0.167315,0.120623,0.124514
0028_1525308681_flowers.jpg,flowers,0.0836013,0.189711,0.0707396,0.0450161,0.096463,0.151125,0.0578778,0.0803858,0.102894,0.122186
0028_387314722_birds.jpg,birds,0.106061,0.242424,0.0151515,0.227273,0.0454545,0.19697,0.030303,0.0454545,0.0606061,0.030303
0028_470519612_whales.jpg,whales,0.0344828,0.275862,0.0344828,0.0344828,0.103448,0.0,0.137931,0.172414,0.137931,0.0689655
0029_2089504883_cat.jpg,cat,0.0621302,0.118343,0.0473373,0.260355,0.0414201,0.14497,0.0473373,0.0887574,0.115385,0.0739645
0029_2657866587_antlers.jpg,antlers,0.196629,0.0617978,0.117978,0.134831,0.0730337,0.0505618,0.0842697,0.134831,0.0842697,0.0617978
0029_280476613_tree.jpg,tree,0.0856164,0.214041,0.0445205,0.0650685,0.109589,0.159247,0.10274,0.0839041,0.0804795,0.0547945
0029_377351015_flowers.jpg,flowers,0.139651,0.084788,0.107232,0.134663,0.102244,0.0548628,0.112219,0.114713,0.109726,0.0399003
0029_396245965_beach.jpg,beach,0.207373,0.115207,0.138249,0.0737327,0.0368664,0.0829493,0.0645161,0.115207,0.101382,0.0645161
0029_456416035_leaf.jpg,leaf,0.084507,0.309859,0.056338,0.253521,0.056338,0.028169,0.112676,0.0422535,0.056338,0.0
0029_70038158_computer.jpg,computer,0.141176,0.2,0.0117647,0.105882,0.0823529,0.176471,0.141176,0.0352941,0.0352941,0.0705882
0030_1038150842_boats.jpg,boats,0.151961,0.22549,0.0343137,0.0784314,0.0735294,0.107843,0.0735294,0.0735294,0.0833333,0.0980392
0030_1091560018_alley.jpg,alley,0.117925,0.141509,0.117925,0.0943396,0.0566038,0.165094,0.0754717,0.108491,0.0754717,0.0471698
0030_2073953208_antlers.jpg,antlers,0.0514469,0.106109,0.073955,0.0321543,0.102894,0.0096463,0.106109,0.241158,0.18328,0.0932476
0030_2315104664_computer.jpg,computer,0.0824742,0.0773196,0.175258,0.0670103,0.0824742,0.108247,0.0721649,0.0979381,0.118557,0.118557
0030_370564052_birds.jpg,birds,0.0408163,0.119534,0.0437318,0.0845481,0.0612245,0.0845481,0.0466472,0.174927,0.195335,0.148688
0030_470099272_boats.jpg,boats,0.138425,0.112172,0.107399,0.0596659,0.0835322,0.0739857,0.078759,0.124105,0.121718,0.100239
0031_2587518051_flowers.jpg,flowers,0.0950226,0.0588235,0.0656109,0.178733,0.0972851,0.0271493,0.115385,0.144796,0.160633,0.0565611
0031_308061158_antlers.jpg,antlers,0.0558511,0.138298,0.0345745,0.132979,0.0957447,0.0718085,0.0771277,0.156915,0.143617,0.0930851
0032_116187127_rocks.jpg,rocks,0.103943,0.114695,0.0824373,0.125448,0.0716846,0.0752688,0.0537634,0.11828,0.150538,0.103943
0032_356445281_antlers.jpg,antlers,0.046683,0.132678,0.0638821,0.0958231,0.0909091,0.0933661,0.117936,0.120393,0.130221,0.108108
0032_499334547_birds.jpg,birds,0.0966543,0.0669145,0.100372,0.282528,0.0520446,0.063197,0.0483271,0.0929368,0.115242,0.0817844
0032_509095114_zebra.jpg,zebra,0.0805369,0.14094,0.0872483,0.328859,0.0469799,0.0738255,0.0134228,0.0805369,0.0939597,0.0536913
0033_1033877706_antlers.jpg,antlers,0.0772727,0.168182,0.0590909,0.113636,0.0590909,0.113636,0.0590909,0.154545,0.131818,0.0636364
0034_115229818_plane.jpg,plane,0.125,0.229167,0.0833333,0.0416667,0.208333,0.104167,0.0625,0.0833333,0.0416667,0.0208333
0034_1512615089_whales.jpg,whales,0.159664,0.12605,0.0336134,0.336134,0.0336134,0.176471,0.0252101,0.0168067,0.0336134,0.0588235
0034_2312181054_flowers.jpg,flowers,0.0744186,0.0418605,0.0651163,0.102326,0.116279,0.0139535,0.102326,0.195349,0.2,0.0883721
0034_308877300_snow.jpg,snow,0.0833333,0.094697,0.0378788,0.128788,0.0984849,0.0833333,0.094697,0.128788,0.147727,0.102273
0034_365734438_alley.jpg,alley,0.108635,0.091922,0.0612813,0.130919,0.122563,0.0278552,0.116992,0.125348,0.133705,0.0807799
0034_395512010_train.jpg,train,0.124688,0.167082,0.119701,0.0673317,0.0947631,0.0573566,0.0648379,0.119701,0.129676,0.0548628
0035_1187049547_alley.jpg,alley,0.129808,0.170673,0.132212,0.0697115,0.0456731,0.228365,0.0552885,0.0769231,0.0528846,0.0384615
0035_1295687064_bear.jpg,bear,0.130952,0.047619,0.125,0.214286,0.0535714,0.047619,0.0833333,0.107143,0.119048,0.0714286
0035_22237769_sign.jpg,sign,0.0611511,0.0719424,0.104317,0.115108,0.125899,0.028777,0.125899,0.158273,0.122302,0.0863309
0035_2430966684_beach.jpg,beach,0.0869565,0.243478,0.0347826,0.13913,0.026087,0.0782609,0.026087,0.0869565,0.191304,0.0869565
0035_303498849_leaf.jpg,leaf,0.162162,0.0630631,0.0900901,0.297297,0.108108,0.0630631,0.0540541,0.0810811,0.0540541,0.027027
0035_404597353_zebra.jpg,zebra,0.113269,0.0776699,0.161812,0.10356,0.116505,0.0744337,0.0647249,0.106796,0.0970874,0.0841424
0035_411877982_tiger.jpg,tiger,0.0780347,0.124277,0.0693642,0.202312,0.066474,0.118497,0.0809249,0.104046,0.0722543,0.083815
0035_448290306_horses.jpg,horses,0.0725076,0.0966767,0.0725076,0.208459,0.081571,0.0241692,0.0513595,0.172205,0.141994,0.0785498
0035_889006645_tree.jpg,tree,0.0203252,0.126016,0.0121951,0.186992,0.0894309,0.0284553,0.117886,0.166667,0.178862,0.0731707
0036_143636966_rocks.jpg,rocks,0.0825688,0.0688073,0.087156,0.279817,0.0825688,0.0366972,0.0550459,0.133028,0.133028,0.0412844
0036_2120309884_beach.jpg,beach,0.154812,0.175732,0.0878661,0.112971,0.0962343,0.0878661,0.041841,0.0962343,0.108787,0.0376569
0036_215996371_fish.jpg,fish,0.0765217,0.0956522,0.10087,0.0365217,0.0730435,0.0782609,0.0678261,0.163478,0.17913,0.128696
0036_299041166_antlers.jpg,antlers,0.0665138,0.0894495,0.0733945,0.00458716,0.112385,0.0366972,0.110092,0.167431,0.172018,0.167431
0036_4508875_alley.jpg,alley,0.129808,0.0961538,0.0480769,0.120192,0.0817308,0.149038,0.0625,0.134615,0.125,0.0528846
0036_470765168_flowers.jpg,flowers,0.141414,0.10101,0.040404,0.161616,0.10101,0.0,0.171717,0.0808081,0.121212,0.0808081
0037_106123689_plane.jpg,plane,0.152542,0.0677966,0.152542,0.118644,0.135593,0.0,0.0508475,0.101695,0.0677966,0.152542
0037_2219556511_dog.jpg,dog,0.0476191,0.138889,0.0436508,0.22619,0.0595238,0.0674603,0.0595238,0.154762,0.142857,0.0595238
0037_2225233125_flowers.jpg,flowers,0.0756881,0.0825688,0.0963303,0.0711009,0.0711009,0.0894495,0.087156,0.176605,0.172018,0.0779817
0037_231623809_tower.jpg,tower,0.168508,0.135359,0.0994475,0.168508,0.0580111,0.0883978,0.0883978,0.0662983,0.0801105,0.0469613
0037_255881773_antlers.jpg,antlers,0.0603175,0.0777778,0.0507937,0.084127,0.111111,0.0746032,0.107937,0.134921,0.144444,0.153968
0037_61248472_beach.jpg,beach,0.113402,0.0927835,0.056701,0.139175,0.108247,0.118557,0.103093,0.0876289,0.0876289,0.0927835
0038_1340478366_antlers.jpg,antlers,0.164062,0.046875,0.195312,0.132812,0.0625,0.015625,0.0546875,0.132812,0.125,0.0703125
0038_1778354339_coral.jpg,coral,0.0695187,0.101604,0.0775401,0.0802139,0.0935829,0.0294118,0.0802139,0.192513,0.171123,0.104278
0038_430357240_beach.jpg,beach,0.0641975,0.125926,0.0765432,0.0740741,0.0814815,0.0864198,0.091358,0.138272,0.123457,0.138272
0039_116022752_leaf.jpg,leaf,0.180905,0.0251256,0.231156,0.190955,0.0603015,0.0301508,0.0603015,0.0904523,0.080402,0.0502513
0039_139819191_snow.jpg,snow,0.117647,0.196078,0.0882353,0.127451,0.0588235,0.156863,0.0686275,0.0882353,0.0490196,0.0490196
0039_143963633_plane.jpg,plane,0.0483871,0.16129,0.0483871,0.145161,0.112903,0.0806452,0.0967742,0.112903,0.16129,0.0322581
0039_223864721_cat.jpg,cat,0.0253807,0.177665,0.0406091,0.0152284,0.0304569,0.0913706,0.0558376,0.203046,0.208122,0.152284
0039_2693692930_antlers.jpg,antlers,0.141791,0.201493,0.0820896,0.0746269,0.0746269,0.0895522,0.0746269,0.0970149,0.0895522,0.0746269
0039_321763088_plane.jpg,plane,0.140244,0.054878,0.0487805,0.237805,0.0792683,0.121951,0.0731707,0.121951,0.097561,0.0243902
0039_442451276_tree.jpg,tree,0.0811518,0.0549738,0.0575916,0.120419,0.13089,0.0366492,0.120419,0.146597,0.146597,0.104712
0039_540975459_boats.jpg,boats,0.147887,0.105634,0.0915493,0.239437,0.0492958,0.0704225,0.0422535,0.119718,0.0915493,0.0422535
0039_83047754_window.jpg,window,0.092511,0.110132,0.114537,0.061674,0.0528634,0.154185,0.0572687,0.123348,0.140969,0.092511
0039_874114329_boats.jpg,boats,0.0744681,0.0744681,0.0319149,0.319149,0.106383,0.0744681,0.0531915,0.12766,0.0744681,0.0638298
0040_2550711977_boats.jpg,boats,0.190476,0.0952381,0.0952381,0.269841,0.0634921,0.0634921,0.111111,0.0634921,0.031746,0.015873
0040_264768848_beach.jpg,beach,0.111888,0.167832,0.0909091,0.258741,0.048951,0.104895,0.027972,0.0839161,0.0699301,0.034965
0040_520287572_birds.jpg,birds,0.0983607,0.131148,0.155738,0.114754,0.0983607,0.0901639,0.0655738,0.0901639,0.0819672,0.0737705
0041_378174827_birds.jpg,birds,0.0,0.333333,0.0,0.1875,0.0625,0.145833,0.104167,0.0625,0.0625,0.0416667
0041_492327494_beach.jpg,beach,0.0783132,0.0542169,0.168675,0.156626,0.0903614,0.0421687,0.0963855,0.126506,0.120482,0.0662651
0042_2282502465_tree.jpg,tree,0.0805687,0.0853081,0.0616114,0.123223,0.127962,0.0853081,0.0947867,0.109005,0.127962,0.104265
0042_2312682727_flowers.jpg,flowers,0.0846154,0.164103,0.171795,0.112821,0.0871795,0.1,0.0589744,0.0923077,0.0923077,0.0358974
0042_332051022_rocks.jpg,rocks,0.152416,0.159851,0.0780669,0.111524,0.070632,0.0780669,0.0855019,0.0929368,0.0855019,0.0855019
0042_371432847_antlers.jpg,antlers,0.139423,0.125,0.0625,0.125,0.105769,0.0865385,0.0961538,0.100962,0.0817308,0.0769231
0042_461838579_alley.jpg,alley,0.123494,0.10241,0.0572289,0.204819,0.0963855,0.162651,0.0843373,0.0542169,0.0783132,0.0361446
0043_2225760403_cars.jpg,cars,0.0574713,0.091954,0.091954,0.281609,0.0287356,0.178161,0.0689655,0.0689655,0.0804598,0.0517241
0043_445926647_fish.jpg,fish,0.129032,0.0,0.0483871,0.209677,0.209677,0.0,0.129032,0.129032,0.145161,0.0
0044_1572801168_antlers.jpg,antlers,0.12963,0.12037,0.0740741,0.37037,0.0277778,0.0740741,0.0462963,0.0648148,0.0740741,0.0185185
0044_2039988461_fish.jpg,fish,0.124424,0.105991,0.21659,0.0506912,0.0552995,0.0829493,0.0875576,0.115207,0.0737327,0.0875576
0044_2351719475_coral.jpg,coral,0.0928571,0.1,0.142857,0.0964286,0.0821429,0.0535714,0.0678571,0.114286,0.107143,0.142857
0044_639067506_whales.jpg,whales,0.151515,0.174242,0.136364,0.117424,0.0568182,0.117424,0.0340909,0.0795455,0.0757576,0.0568182
0045_1197866219_bear.jpg,bear,0.109785,0.133652,0.114558,0.100239,0.0548926,0.114558,0.0715991,0.105012,0.116945,0.078759
0045_511999827_beach.jpg,beach,0.111111,0.277778,0.0555556,0.203704,0.0555556,0.0740741,0.0925926,0.0555556,0.0740741,0.0
0045_657978554_antlers.jpg,antlers,0.0914179,0.106343,0.0932836,0.0895522,0.0597015,0.0317164,0.0652985,0.190298,0.190298,0.0820896
0046_1172675049_computer.jpg,computer,0.093633,0.0861423,0.0861423,0.161049,0.082397,0.0599251,0.0898876,0.116105,0.134831,0.0898876
0046_2340723703_flags.jpg,flags,0.0809859,0.102113,0.0352113,0.15493,0.0985916,0.0985916,0.0774648,0.151408,0.112676,0.0880282
0046_2537109615_antlers.jpg,antlers,0.0825472,0.0801887,0.113208,0.0306604,0.0778302,0.0566038,0.101415,0.129717,0.148585,0.179245
0046_467025574_tree.jpg,tree,0.0703518,0.120603,0.040201,0.341709,0.0904523,0.0502513,0.0552764,0.0904523,0.110553,0.0301508
0046_89250252_coral.jpg,coral,0.109272,0.0397351,0.0496689,0.0198676,0.135762,0.0463576,0.102649,0.205298,0.168874,0.122517
0047_309820307_beach.jpg,beach,0.0827068,0.146617,0.101504,0.139098,0.093985,0.154135,0.0714286,0.0977444,0.0902256,0.0225564
0047_466344330_window.jpg,window,0.153439,0.116402,0.0952381,0.121693,0.0952381,0.0899471,0.132275,0.0582011,0.0687831,0.0687831
0047_4849633_whales.jpg,whales,0.120879,0.0989011,0.10989,0.0769231,0.0879121,0.0659341,0.0989011,0.120879,0.175824,0.043956
0047_622612084_computer.jpg,computer,0.0354839,0.083871,0.0290323,0.119355,0.103226,0.0709677,0.1,0.154839,0.174194,0.129032
0047_868402019_tree.jpg,tree,0.199396,0.0966767,0.135952,0.0845921,0.0755287,0.0453172,0.0725076,0.0966767,0.126888,0.0664653
0048_2154264768_computer.jpg,computer,0.106952,0.128342,0.0802139,0.122995,0.0320856,0.181818,0.0427807,0.101604,0.13369,0.0695187
0048_376403930_beach.jpg,beach,0.101695,0.20339,0.0508475,0.169492,0.0423729,0.177966,0.0932203,0.0847458,0.0338983,0.0423729
0048_476442702_antlers.jpg,antlers,0.0277778,0.185185,0.0185185,0.462963,0.037037,0.111111,0.0277778,0.0277778,0.0833333,0.0185185
0048_71138082_whales.jpg,whales,0.09375,0.21875,0.03125,0.09375,0.09375,0.125,0.0625,0.125,0.09375,0.0625
0048_827411295_birds.jpg,birds,0.0862069,0.241379,0.0517241,0.137931,0.103448,0.0862069,0.0517241,0.103448,0.0862069,0.0517241
0049_1039916561_zebra.jpg,zebra,0.073991,0.125561,0.107623,0.0246637,0.0874439,0.199552,0.0964126,0.0874439,0.0896861,0.107623
0049_2650509991_flowers.jpg,flowers,0.18847,0.0288248,0.161863,0.0243902,0.0820399,0.0332594,0.059867,0.128603,0.128603,0.16408
0049_2689670051_antlers.jpg,antlers,0.107143,0.166667,0.0416667,0.136905,0.113095,0.125,0.10119,0.0892857,0.0952381,0.0238095
0049_277709913_sign.jpg,sign,0.108108,0.135135,0.0540541,0.205405,0.0486486,0.0540541,0.0540541,0.135135,0.113514,0.0918919
0049_324201720_whales.jpg,whales,0.08,0.03,0.03,0.38,0.09,0.04,0.14,0.09,0.08,0.04
0050_103459432_boats.jpg,boats,0.101695,0.118644,0.0,0.40678,0.0338983,0.0,0.101695,0.101695,0.0677966,0.0677966
0050_2074831886_alley.jpg,alley,0.119691,0.142857,0.0617761,0.19305,0.0772201,0.0772201,0.100386,0.0733591,0.108108,0.046332
0050_23783182_computer.jpg,computer,0.0436681,0.126638,0.0393013,0.122271,0.0829694,0.0436681,0.0829694,0.165939,0.144105,0.148472
0050_943084476_tiger.jpg,tiger,0.0708502,0.115385,0.0607287,0.0850202,0.082996,0.115385,0.101215,0.125506,0.133603,0.109312
0051_1219375813_whales.jpg,whales,0.230352,0.0948509,0.146341,0.105691,0.0596206,0.0758808,0.0596206,0.100271,0.111111,0.0162602
0051_1384283201_birds.jpg,birds,0.0529801,0.0794702,0.0264901,0.172185,0.119205,0.0529801,0.10596,0.125828,0.145695,0.119205
0051_209779652_plane.jpg,plane,0.0251572,0.18239,0.283019,0.100629,0.0754717,0.0566038,0.0628931,0.0691824,0.0880503,0.0566038
0051_2576534437_flowers.jpg,flowers,0.0786241,0.0958231,0.108108,0.046683,0.12285,0.046683,0.105651,0.137592,0.167076,0.0909091
0051_536758690_tower.jpg,tower,0.111748,0.0401146,0.0773639,0.108883,0.123209,0.0401146,0.154728,0.137536,0.137536,0.0687679
0052_199519492_train.jpg,train,0.0882353,0.117647,0.0427807,0.163102,0.0855615,0.101604,0.0909091,0.0962567,0.109626,0.104278
0052_2115146154_tiger.jpg,tiger,0.0581395,0.162791,0.0620155,0.143411,0.0503876,0.124031,0.0697674,0.0852713,0.127907,0.116279
0052_2327250885_dog.jpg,dog,0.0279146,0.0361248,0.0295567,0.0968801,0.0804598,0.0295567,0.0837438,0.165846,0.16092,0.288998
0052_2392702031_boats.jpg,boats,0.147887,0.0915493,0.152582,0.112676,0.0751174,0.0633803,0.0821596,0.129108,0.0938967,0.0516432
0052_2741123395_beach.jpg,beach,0.119318,0.113636,0.102273,0.0511364,0.0965909,0.130682,0.0568182,0.107955,0.0681818,0.153409
0053_439030260_dog.jpg,dog,0.0654545,0.0690909,0.0727273,0.170909,0.134545,0.0145455,0.0945455,0.163636,0.138182,0.0763636
0054_108725456_flags.jpg,flags,0.109756,0.0121951,0.0853658,0.341463,0.146341,0.0121951,0.158537,0.0731707,0.0365854,0.0243902
0054_2200348313_zebra.jpg,zebra,0.144,0.106667,0.144,0.048,0.088,0.186667,0.0906667,0.0613333,0.0666667,0.064
0054_385255469_balloons.jpg,balloons,0.0620438,0.0583942,0.120438,0.109489,0.109489,0.124088,0.0912409,0.142336,0.120438,0.0620438
0054_6550511_coral.jpg,coral,0.100372,0.0520446,0.070632,0.0892193,0.126394,0.0297398,0.152416,0.118959,0.122677,0.137546
0055_2527755621_baby.jpg,baby,0.0705009,0.0667903,0.0853432,0.109462,0.0871985,0.0333952,0.116883,0.144712,0.172542,0.113173
0055_97982661_balloons.jpg,balloons,0.0625,0.0,0.125,0.0625,0.1875,0.0,0.25,0.125,0.0,0.1875
0056_1083507712_balloons.jpg,balloons,0.0979381,0.0773196,0.0463918,0.123711,0.128866,0.00515464,0.113402,0.139175,0.159794,0.108247
0056_12246629_computer.jpg,computer,0.0851064,0.102128,0.0723404,0.119149,0.0765957,0.217021,0.0553191,0.114894,0.093617,0.0638298
0056_2470782800_zebra.jpg,zebra,0.0828025,0.022293,0.289809,0.0859873,0.0796178,0.184713,0.0828025,0.0636943,0.0541401,0.0541401
0056_2553977241_birds.jpg,birds,0.0972644,0.109422,0.0759878,0.100304,0.100304,0.0851064,0.106383,0.0942249,0.12462,0.106383
0056_2576774243_zebra.jpg,zebra,0.119701,0.0498753,0.194514,0.0598504,0.0548628,0.23192,0.0374065,0.0997506,0.0698254,0.0822943
0056_523072803_horses.jpg,horses,0.0671141,0.090604,0.0771812,0.134228,0.100671,0.0805369,0.057047,0.161074,0.151007,0.0805369
0057_2377973593_boats.jpg,boats,0.089172,0.117834,0.0636943,0.235669,0.121019,0.0477707,0.101911,0.0955414,0.0859873,0.0414013
0057_2424912155_flowers.jpg,flowers,0.0860534,0.0712166,0.0504451,0.0979228,0.109792,0.0178042,0.145401,0.145401,0.130564,0.145401
0057_308442203_beach.jpg,beach,0.258824,0.0470588,0.188235,0.258824,0.0117647,0.141176,0.0117647,0.0470588,0.0352941,0.0
0057_337933791_birds.jpg,birds,0.0926829,0.120325,0.217886,0.0455285,0.0276423,0.108943,0.0178862,0.0926829,0.107317,0.169106
0057_36443540_horses.jpg,horses,0.110429,0.248466,0.0368098,0.0460123,0.0306748,0.208589,0.0398773,0.0674847,0.0736196,0.138037
0057_580420344_balloons.jpg,balloons,0.0721649,0.0824742,0.0309278,0.0309278,0.123711,0.0927835,0.278351,0.0824742,0.103093,0.103093
0058_1059299865_zebra.jpg,zebra,0.0819672,0.139344,0.168033,0.122951,0.0409836,0.172131,0.0409836,0.0655738,0.0778688,0.0901639
0058_2316473778_alley.jpg,alley,0.117284,0.0895062,0.0925926,0.117284,0.117284,0.0833333,0.111111,0.104938,0.104938,0.0617284
0058_277945534_fish.jpg,fish,0.166667,0.0,0.116667,0.15,0.15,0.1,0.05,0.1,0.05,0.116667
0058_399659643_beach.jpg,beach,0.107143,0.0357143,0.0535714,0.232143,0.107143,0.214286,0.142857,0.0535714,0.0535714,0.0
0058_55043995_baby.jpg,baby,0.0107527,0.129032,0.0430108,0.139785,0.0967742,0.0967742,0.0645161,0.129032,0.182796,0.107527
0058_593117777_bear.jpg,bear,0.0344828,0.128079,0.0640394,0.300493,0.044335,0.044335,0.0689655,0.0886699,0.123153,0.103448
0058_593117777_dog.jpg,dog,0.0344828,0.128079,0.0640394,0.300493,0.044335,0.044335,0.0689655,0.0886699,0.123153,0.103448
0059_2209707870_beach.jpg,beach,0.0625,0.125,0.107143,0.258929,0.116071,0.107143,0.0625,0.0535714,0.0714286,0.0357143
0059_2434669693_plane.jpg,plane,0.0980392,0.122549,0.137255,0.0735294,0.0637255,0.0588235,0.0882353,0.147059,0.151961,0.0588235
0059_407034010_snow.jpg,snow,0.0455635,0.148681,0.057554,0.18705,0.0719424,0.0791367,0.057554,0.1247,0.131894,0.0959233
0060_2175139584_alley.jpg,alley,0.115486,0.115486,0.128609,0.0629921,0.0787402,0.0524934,0.0813648,0.160105,0.139108,0.0656168
0060_2175139584_tree.jpg,tree,0.115486,0.115486,0.128609,0.0629921,0.0787402,0.0524934,0.0813648,0.160105,0.139108,0.0656168
0060_2278738277_zebra.jpg,zebra,0.156028,0.0496454,0.170213,0.134752,0.0815603,0.0992908,0.0744681,0.0921986,0.0780142,0.0638298
0060_2415232057_birds.jpg,birds,0.289474,0.0789474,0.0263158,0.131579,0.0263158,0.0789474,0.0263158,0.157895,0.131579,0.0526316
0061_2550836757_cat.jpg,cat,0.128492,0.0837989,0.128492,0.273743,0.0949721,0.0223464,0.0837989,0.0893855,0.0670391,0.027933
0062_2187039102_alley.jpg,alley,0.084507,0.100939,0.0633803,0.07277,0.105634,0.103286,0.084507,0.119718,0.105634,0.159624
0062_2326238046_zebra.jpg,zebra,0.0772443,0.0793319,0.102296,0.127349,0.085595,0.0835073,0.0835073,0.102296,0.131524,0.127349
0062_378569882_rocks.jpg,rocks,0.08,0.23,0.07,0.24,0.07,0.05,0.1,0.05,0.04,0.07
0062_430446668_fish.jpg,fish,0.133333,0.0222222,0.111111,0.4,0.0888889,0.0,0.0888889,0.0666667,0.0666667,0.0222222
0062_77405592_computer.jpg,computer,0.0598802,0.0838323,0.0538922,0.269461,0.0958084,0.0538922,0.0778443,0.125749,0.107784,0.0718563
0063_100471849_snow.jpg,snow,0.0540541,0.117117,0.024024,0.132132,0.0840841,0.141141,0.105105,0.0960961,0.0900901,0.156156
0063_135358119_rocks.jpg,rocks,0.0779221,0.0779221,0.0454545,0.272727,0.103896,0.0519481,0.0714286,0.116883,0.11039,0.0714286
0063_1798724650_horses.jpg,horses,0.0781893,0.238683,0.0534979,0.127572,0.00411523,0.17284,0.0205761,0.0781893,0.111111,0.115226
0063_2206430814_train.jpg,train,0.0961538,0.153846,0.108173,0.0528846,0.0480769,0.0889423,0.0408654,0.158654,0.151442,0.100962
0063_464299671_baby.jpg,baby,0.0672269,0.142857,0.0756303,0.277311,0.0420168,0.12605,0.0504202,0.0420168,0.0672269,0.109244
0063_519051833_tower.jpg,tower,0.164286,0.00714286,0.15,0.0357143,0.207143,0.0642857,0.135714,0.107143,0.0928571,0.0357143
0063_75362215_birds.jpg,birds,0.125,0.0945122,0.070122,0.146341,0.0853658,0.027439,0.0914634,0.143293,0.134146,0.0823171
0064_145274946_cars.jpg,cars,0.0588235,0.137255,0.0343137,0.0784314,0.0833333,0.0637255,0.0441176,0.210784,0.147059,0.142157
0064_628653600_beach.jpg,beach,0.0377358,0.113208,0.122642,0.273585,0.0660377,0.103774,0.0471698,0.0943396,0.113208,0.0283019
0065_1944797327_tree.jpg,tree,0.0493274,0.116592,0.0269058,0.161435,0.0941704,0.0403587,0.107623,0.165919,0.170404,0.0672646
0066_1891878972_plane.jpg,plane,0.0804598,0.114943,0.0344828,0.298851,0.0689655,0.0689655,0.0689655,0.114943,0.0689655,0.0804598
0066_2283108985_balloons.jpg,balloons,0.0480769,0.0801282,0.0705128,0.0769231,0.0641026,0.0512821,0.112179,0.192308,0.160256,0.144231
0066_62415258_baby.jpg,baby,0.038835,0.135922,0.0970874,0.165049,0.106796,0.116505,0.135922,0.0485437,0.0873786,0.0679612
0067_181145382_tower.jpg,tower,0.0948276,0.00862069,0.0689655,0.215517,0.172414,0.00862069,0.155172,0.12069,0.112069,0.0431034
0067_2286202620_dog.jpg,dog,0.0247934,0.173554,0.0123967,0.280992,0.0371901,0.107438,0.0289256,0.0826446,0.103306,0.14876
0067_2352548585_plane.jpg,plane,0.0652174,0.0869565,0.0,0.206522,0.152174,0.0,0.184783,0.108696,0.119565,0.076087
0067_613541644_zebra.jpg,zebra,0.0923788,0.0692841,0.200924,0.0484988,0.0715935,0.150115,0.0692841,0.0969977,0.0808314,0.120092
0067_85175647_birds.jpg,birds,0.0,0.533333,0.0,0.133333,0.0,0.133333,0.0666667,0.0666667,0.0,0.0666667
0068_1064208624_antlers.jpg,antlers,0.0183486,0.220183,0.0275229,0.0183486,0.110092,0.0733945,0.119266,0.100917,0.165138,0.146789
0068_54026720_coral.jpg,coral,0.105016,0.023511,0.0956113,0.0548589,0.0987461,0.0407524,0.0987461,0.189655,0.183386,0.109718
0068_862770109_beach.jpg,beach,0.167488,0.0640394,0.118227,0.0886699,0.0837438,0.044335,0.0591133,0.167488,0.123153,0.0837438
0069_2085036913_antlers.jpg,antlers,0.080292,0.113139,0.040146,0.193431,0.10219,0.0620438,0.105839,0.105839,0.116788,0.080292
0069_397396361_beach.jpg,beach,0.0567376,0.219858,0.0780142,0.12766,0.0496454,0.163121,0.0496454,0.113475,0.0921986,0.0496454
0070_178243628_beach.jpg,beach,0.0241935,0.153226,0.0403226,0.112903,0.0806452,0.145161,0.0887097,0.145161,0.104839,0.104839
0070_502747510_balloons.jpg,balloons,0.125,0.0208333,0.119792,0.046875,0.0989583,0.0208333,0.0833333,0.151042,0.151042,0.182292
0071_2059297978_boats.jpg,boats,0.0651163,0.072093,0.0627907,0.116279,0.1,0.027907,0.0953488,0.181395,0.183721,0.0953488
0071_2363465757_flowers.jpg,flowers,0.0833333,0.05,0.0666667,0.0833333,0.0833333,0.116667,0.0333333,0.216667,0.216667,0.05
0071_2387396872_horses.jpg,horses,0.0590717,0.0970464,0.0548523,0.158228,0.0970464,0.07173,0.0991561,0.139241,0.139241,0.0843882
0071_2750499776_window.jpg,window,0.0867347,0.153061,0.0637755,0.0586735,0.0969388,0.122449,0.0892857,0.104592,0.125,0.0994898
0071_347095105_antlers.jpg,antlers,0.177778,0.0533333,0.182222,0.0222222,0.0844444,0.04,0.08,0.0977778,0.12,0.142222
0071_429220598_flowers.jpg,flowers,0.154762,0.119048,0.0595238,0.142857,0.119048,0.130952,0.0833333,0.0714286,0.0595238,0.0595238
0072_1362473050_beach.jpg,beach,0.212121,0.040404,0.151515,0.161616,0.0808081,0.030303,0.111111,0.0707071,0.131313,0.010101
0072_331071453_train.jpg,train,0.0838509,0.145963,0.10559,0.0652174,0.0931677,0.0590062,0.0714286,0.130435,0.152174,0.0931677
0072_364103924_birds.jpg,birds,0.0913043,0.191304,0.117391,0.104348,0.0565217,0.195652,0.0347826,0.0521739,0.0913043,0.0652174
0072_392167241_antlers.jpg,antlers,0.0429448,0.104294,0.0920245,0.184049,0.0858896,0.0981595,0.0858896,0.0981595,0.0981595,0.110429
0072_415492582_flowers.jpg,flowers,0.0495868,0.0909091,0.0495868,0.280992,0.115702,0.0661157,0.132231,0.0743802,0.107438,0.0330578
0073_1336938541_balloons.jpg,balloons,0.0,0.0746269,0.0298507,0.343284,0.0895522,0.0,0.0895522,0.164179,0.149254,0.0597015
0073_267057696_antlers.jpg,antlers,0.101243,0.0639432,0.0639432,0.0905861,0.113677,0.0373002,0.0976909,0.14032,0.172291,0.119005
0073_780252863_tower.jpg,tower,0.109272,0.0529801,0.122517,0.0463576,0.10596,0.0364238,0.0761589,0.165563,0.182119,0.102649
0074_174892466_leaf.jpg,leaf,0.0,0.0454545,0.0909091,0.454545,0.136364,0.0,0.0909091,0.0454545,0.0454545,0.0909091
0074_2341697341_balloons.jpg,balloons,0.157658,0.0990991,0.126126,0.112613,0.0900901,0.0405405,0.0810811,0.0900901,0.117117,0.0855856
0074_267051756_antlers.jpg,antlers,0.0338983,0.0960452,0.0564972,0.214689,0.0847458,0.0564972,0.0621469,0.152542,0.124294,0.118644
0074_349197206_tiger.jpg,tiger,0.0710744,0.128926,0.092562,0.0909091,0.0644628,0.160331,0.0677686,0.0975207,0.0892562,0.13719
0075_1736659214_tree.jpg,tree,0.0898204,0.0988024,0.107784,0.0359281,0.0748503,0.0658683,0.0628743,0.215569,0.164671,0.0838323
0075_1882016248_antlers.jpg,antlers,0.0911528,0.0442359,0.0831099,0.0469169,0.113941,0.036193,0.119303,0.142091,0.171582,0.151475
0075_2291230848_cars.jpg,cars,0.0851064,0.191489,0.0765957,0.0978723,0.0595745,0.110638,0.0638298,0.110638,0.114894,0.0893617
0076_216300934_flags.jpg,flags,0.191388,0.124402,0.076555,0.143541,0.062201,0.0526316,0.0669856,0.100478,0.100478,0.0813397
0076_2654342366_zebra.jpg,zebra,0.0987654,0.111111,0.176955,0.0802469,0.0720165,0.141975,0.0596708,0.0864198,0.0864198,0.0864198
0076_280274406_rainbow.jpg,rainbow,0.111111,0.0925926,0.0555556,0.17284,0.0617284,0.0864198,0.0740741,0.111111,0.135802,0.0987654
0076_61124980_sign.jpg,sign,0.034188,0.0940171,0.00854701,0.0683761,0.111111,0.153846,0.0769231,0.128205,0.119658,0.205128
0076_67044764_antlers.jpg,antlers,0.13964,0.0630631,0.0855856,0.18018,0.103604,0.0405405,0.135135,0.103604,0.0945946,0.0540541
0077_131975834_bear.jpg,bear,0.036036,0.0810811,0.018018,0.207207,0.045045,0.0630631,0.0540541,0.171171,0.171171,0.153153
0077_167497705_tree.jpg,tree,0.0684524,0.142857,0.0208333,0.0357143,0.0535714,0.110119,0.0684524,0.136905,0.160714,0.202381
0077_274703788_antlers.jpg,antlers,0.0796646,0.102725,0.113208,0.00628931,0.0796646,0.067086,0.0880503,0.161426,0.176101,0.125786
0078_384223662_rainbow.jpg,rainbow,0.254902,0.00980392,0.0686275,0.303922,0.0980392,0.00980392,0.107843,0.0882353,0.0392157,0.0196078
0078_38865253_alley.jpg,alley,0.0707965,0.19469,0.0265487,0.256637,0.0707965,0.0707965,0.0530973,0.106195,0.123894,0.0265487
0078_419710844_train.jpg,train,0.196429,0.0714286,0.0535714,0.0892857,0.0714286,0.125,0.0535714,0.196429,0.0892857,0.0535714
