0001_352403456_cars.jpg,cars,0.162602,0.0731707,0.0894309,0.0731707,0.0487805,0.0813008,0.0569106,0.170732,0.0813008,0.162602
0001_389068663_plane.jpg,plane,0.0650406,0.0894309,0.0325203,0.0650406,0.146341,0.0569106,0.113821,0.195122,0.130081,0.105691
0002_1021429225_plane.jpg,plane,0.0162602,0.0243902,0.0243902,0.00813008,0.0731707,0.0325203,0.0731707,0.138211,0.162602,0.447154
0002_2138445810_coral.jpg,coral,0.0,0.0325203,0.0162602,0.0650406,0.0487805,0.0650406,0.0325203,0.146341,0.162602,0.430894
0002_376728638_dog.jpg,dog,0.00813008,0.0325203,0.0243902,0.0325203,0.105691,0.0325203,0.0487805,0.154472,0.195122,0.365854
0002_447459573_plane.jpg,plane,0.130081,0.138211,0.105691,0.243902,0.0487805,0.130081,0.0569106,0.0325203,0.0813008,0.0325203
0003_15805308_computer.jpg,computer,0.0406504,0.121951,0.0325203,0.00813008,0.113821,0.097561,0.138211,0.146341,0.138211,0.162602
0003_22755481_plane.jpg,plane,0.227642,0.113821,0.0650406,0.146341,0.0487805,0.0569106,0.0569106,0.105691,0.146341,0.0325203
0003_2696108622_snow.jpg,snow,0.121951,0.186992,0.0243902,0.097561,0.105691,0.0731707,0.0569106,0.097561,0.0813008,0.154472
0003_2706975788_cat.jpg,cat,0.0731707,0.0325203,0.0569106,0.0569106,0.0650406,0.0,0.130081,0.0813008,0.170732,0.333333
0003_389068668_plane.jpg,plane,0.0813008,0.0731707,0.0406504,0.0243902,0.0731707,0.0813008,0.0650406,0.138211,0.0894309,0.333333
0003_488456796_plane.jpg,plane,0.0813008,0.0162602,0.0894309,0.105691,0.300813,0.0813008,0.0406504,0.105691,0.097561,0.0813008
0003_53362410_sign.jpg,sign,0.0325203,0.138211,0.0325203,0.0162602,0.0487805,0.0894309,0.0650406,0.097561,0.130081,0.349593
0004_1589009678_coral.jpg,coral,0.0813008,0.130081,0.0406504,0.0569106,0.0813008,0.0406504,0.0731707,0.138211,0.138211,0.219512
0004_389068680_plane.jpg,plane,0.130081,0.178862,0.0569106,0.121951,0.0569106,0.113821,0.113821,0.0650406,0.130081,0.0325203
0004_41427128_coral.jpg,coral,0.0243902,0.00813008,0.00813008,0.0162602,0.186992,0.0,0.105691,0.178862,0.186992,0.284553
0004_41427128_fish.jpg,fish,0.0243902,0.00813008,0.00813008,0.0162602,0.186992,0.0,0.105691,0.178862,0.186992,0.284553
0004_464793955_cat.jpg,cat,0.0569106,0.0731707,0.0325203,0.105691,0.113821,0.0325203,0.097561,0.105691,0.178862,0.203252
0005_2348707486_plane.jpg,plane,0.162602,0.154472,0.0569106,0.0325203,0.0325203,0.154472,0.097561,0.097561,0.097561,0.113821
0005_2736069940_tree.jpg,tree,0.0813008,0.113821,0.121951,0.113821,0.0487805,0.138211,0.0731707,0.113821,0.0894309,0.105691
0005_3852131_dog.jpg,dog,0.0569106,0.121951,0.0243902,0.0487805,0.0813008,0.0813008,0.105691,0.130081,0.170732,0.178862
0005_389068665_plane.jpg,plane,0.105691,0.138211,0.0894309,0.138211,0.0894309,0.146341,0.0813008,0.0650406,0.0894309,0.0569106
0005_84655830_plane.jpg,plane,0.0894309,0.130081,0.105691,0.0894309,0.0894309,0.121951,0.113821,0.113821,0.0813008,0.0650406
0006_209115798_window.jpg,window,0.0731707,0.0650406,0.0243902,0.0487805,0.097561,0.00813008,0.178862,0.195122,0.178862,0.130081
0006_2202849133_tiger.jpg,tiger,0.0731707,0.0813008,0.0243902,0.0650406,0.121951,0.0406504,0.0813008,0.146341,0.195122,0.170732
0006_389068675_plane.jpg,plane,0.0731707,0.105691,0.0650406,0.170732,0.0894309,0.0894309,0.0569106,0.130081,0.130081,0.0894309
0006_8486340_birds.jpg,birds,0.0243902,0.0243902,0.0650406,0.0569106,0.138211,0.0406504,0.130081,0.154472,0.235772,0.130081
0007_160357182_coral.jpg,coral,0.097561,0.130081,0.0650406,0.0325203,0.0813008,0.0325203,0.0894309,0.121951,0.154472,0.195122
0007_217756490_flags.jpg,flags,0.0325203,0.0569106,0.0487805,0.0162602,0.154472,0.0162602,0.211382,0.121951,0.203252,0.138211
0007_2493659489_horses.jpg,horses,0.0162602,0.105691,0.0650406,0.113821,0.0894309,0.105691,0.0813008,0.113821,0.113821,0.195122
0007_34964321_computer.jpg,computer,0.154472,0.0731707,0.0243902,0.0243902,0.105691,0.0569106,0.0894309,0.154472,0.170732,0.146341
0007_389068672_plane.jpg,plane,0.0569106,0.0894309,0.0894309,0.0162602,0.0894309,0.0487805,0.0569106,0.113821,0.0731707,0.365854
0007_940780300_flowers.jpg,flowers,0.0243902,0.097561,0.0731707,0.121951,0.0487805,0.178862,0.0731707,0.138211,0.146341,0.097561
0008_1072834393_plane.jpg,plane,0.0325203,0.0406504,0.0569106,0.0,0.138211,0.0325203,0.243902,0.121951,0.154472,0.178862
0008_1286063308_leaf.jpg,leaf,0.0406504,0.097561,0.0487805,0.0325203,0.121951,0.0325203,0.130081,0.162602,0.162602,0.170732
0008_1937292659_plane.jpg,plane,0.0243902,0.0813008,0.0243902,0.0569106,0.154472,0.0406504,0.130081,0.113821,0.219512,0.154472
0008_2055905845_zebra.jpg,zebra,0.0325203,0.0325203,0.0650406,0.0,0.0813008,0.0487805,0.0813008,0.203252,0.178862,0.276423
0008_310398497_tree.jpg,tree,0.0325203,0.0406504,0.105691,0.0650406,0.146341,0.0894309,0.162602,0.113821,0.097561,0.146341
0009_1382400520_dog.jpg,dog,0.0325203,0.0731707,0.0406504,0.00813008,0.113821,0.0243902,0.097561,0.227642,0.154472,0.227642
0009_6481762_cat.jpg,cat,0.0731707,0.0650406,0.097561,0.0406504,0.105691,0.0325203,0.162602,0.154472,0.162602,0.105691
0009_89559712_horses.jpg,horses,0.097561,0.138211,0.113821,0.0813008,0.0650406,0.0731707,0.0731707,0.105691,0.138211,0.113821
0010_231649733_tiger.jpg,tiger,0.0650406,0.105691,0.0650406,0.0162602,0.0650406,0.0487805,0.130081,0.154472,0.138211,0.211382
0010_326503083_boats.jpg,boats,0.130081,0.178862,0.113821,0.170732,0.0406504,0.0487805,0.0569106,0.0731707,0.0813008,0.105691
0010_462514707_plane.jpg,plane,0.130081,0.227642,0.0650406,0.0894309,0.105691,0.0650406,0.0569106,0.105691,0.105691,0.0487805
0011_1167417963_flowers.jpg,flowers,0.0487805,0.0406504,0.0569106,0.0406504,0.146341,0.00813008,0.162602,0.178862,0.162602,0.154472
0011_2271948699_cars.jpg,cars,0.0650406,0.113821,0.186992,0.0813008,0.0487805,0.0731707,0.097561,0.0813008,0.097561,0.154472
0011_264796015_sign.jpg,sign,0.0325203,0.0569106,0.0243902,0.00813008,0.105691,0.0325203,0.0813008,0.130081,0.105691,0.422764
0011_91957110_plane.jpg,plane,0.195122,0.178862,0.0487805,0.0894309,0.0731707,0.097561,0.0487805,0.130081,0.0894309,0.0487805
0012_111169497_fish.jpg,fish,0.0162602,0.0487805,0.0813008,0.113821,0.0813008,0.097561,0.0731707,0.203252,0.203252,0.0813008
0012_1803230025_tower.jpg,tower,0.0650406,0.0325203,0.0731707,0.0162602,0.186992,0.0162602,0.154472,0.121951,0.186992,0.146341
0012_200360332_coral.jpg,coral,0.0406504,0.0162602,0.0569106,0.00813008,0.121951,0.0243902,0.203252,0.170732,0.186992,0.170732
0012_253993371_rainbow.jpg,rainbow,0.0243902,0.0487805,0.0162602,0.0813008,0.0894309,0.0325203,0.0731707,0.154472,0.170732,0.308943
0012_9478475_train.jpg,train,0.097561,0.146341,0.0487805,0.0243902,0.0894309,0.0406504,0.113821,0.138211,0.121951,0.178862
0013_237187436_plane.jpg,plane,0.00813008,0.0487805,0.121951,0.0650406,0.0813008,0.130081,0.0731707,0.130081,0.170732,0.170732
0013_272421059_birds.jpg,birds,0.0894309,0.0650406,0.0325203,0.0650406,0.121951,0.0487805,0.146341,0.186992,0.186992,0.0569106
0013_91957114_plane.jpg,plane,0.138211,0.260163,0.0569106,0.0894309,0.0731707,0.0813008,0.0731707,0.105691,0.0650406,0.0569106
0014_307960000_rocks.jpg,rocks,0.0325203,0.0813008,0.0162602,0.0,0.0487805,0.0731707,0.0731707,0.121951,0.146341,0.406504
0015_135096129_plane.jpg,plane,0.0162602,0.0487805,0.0406504,0.0731707,0.097561,0.00813008,0.121951,0.0813008,0.170732,0.341463
0015_3964311_train.jpg,train,0.146341,0.0569106,0.0894309,0.105691,0.121951,0.0569106,0.121951,0.0650406,0.162602,0.0731707
0016_65645647_whales.jpg,whales,0.0162602,0.0325203,0.0162602,0.0569106,0.0406504,0.0325203,0.154472,0.130081,0.203252,0.317073
0017_210986563_rocks.jpg,rocks,0.0406504,0.0487805,0.0406504,0.00813008,0.0569106,0.0162602,0.0731707,0.138211,0.130081,0.447154
0017_254861851_coral.jpg,coral,0.0406504,0.097561,0.0569106,0.0325203,0.0894309,0.0243902,0.170732,0.121951,0.146341,0.219512
0017_254861851_fish.jpg,fish,0.0406504,0.097561,0.0569106,0.0325203,0.0894309,0.0243902,0.170732,0.121951,0.146341,0.219512
0017_396050911_whales.jpg,whales,0.0569106,0.146341,0.0731707,0.0731707,0.0406504,0.0894309,0.0650406,0.154472,0.170732,0.130081
0018_1198991835_antlers.jpg,antlers,0.0162602,0.105691,0.243902,0.097561,0.0487805,0.113821,0.0569106,0.146341,0.0813008,0.0894309
0018_167630455_bear.jpg,bear,0.0569106,0.0731707,0.0569106,0.0650406,0.113821,0.0325203,0.170732,0.138211,0.130081,0.162602
0018_368716755_plane.jpg,plane,0.146341,0.138211,0.0894309,0.0894309,0.0731707,0.097561,0.113821,0.0487805,0.138211,0.0650406
0018_968389692_zebra.jpg,zebra,0.105691,0.0731707,0.0406504,0.0731707,0.162602,0.0162602,0.0813008,0.138211,0.203252,0.105691
0019_2111187900_train.jpg,train,0.178862,0.0731707,0.162602,0.0325203,0.0406504,0.0731707,0.0487805,0.113821,0.105691,0.170732
0019_283448259_window.jpg,window,0.0487805,0.00813008,0.0650406,0.0,0.097561,0.0406504,0.154472,0.203252,0.186992,0.195122
0019_313109121_antlers.jpg,antlers,0.0162602,0.0406504,0.0325203,0.0243902,0.105691,0.0,0.138211,0.146341,0.138211,0.357724
0019_313109121_dog.jpg,dog,0.0162602,0.0406504,0.0325203,0.0243902,0.105691,0.0,0.138211,0.146341,0.138211,0.357724
0019_423862738_birds.jpg,birds,0.0731707,0.0731707,0.0325203,0.00813008,0.0894309,0.00813008,0.113821,0.178862,0.113821,0.308943
0020_1350559729_bear.jpg,bear,0.0487805,0.113821,0.0406504,0.0894309,0.0731707,0.0569106,0.0569106,0.146341,0.186992,0.186992
0020_169028344_dog.jpg,dog,0.0162602,0.0162602,0.0487805,0.0243902,0.138211,0.00813008,0.113821,0.121951,0.121951,0.390244
0020_2312863941_rocks.jpg,rocks,0.0487805,0.0406504,0.0569106,0.0813008,0.121951,0.0325203,0.170732,0.138211,0.178862,0.130081
0020_386347744_antlers.jpg,antlers,0.097561,0.0650406,0.0650406,0.0569106,0.130081,0.0487805,0.097561,0.154472,0.162602,0.121951
0021_289473728_plane.jpg,plane,0.0650406,0.138211,0.0406504,0.0325203,0.105691,0.0894309,0.097561,0.105691,0.138211,0.186992
0021_296129022_antlers.jpg,antlers,0.0243902,0.0406504,0.097561,0.0650406,0.138211,0.0894309,0.130081,0.138211,0.146341,0.130081
0021_311285917_cat.jpg,cat,0.0406504,0.0406504,0.0813008,0.113821,0.146341,0.0162602,0.0894309,0.170732,0.170732,0.130081
0021_473262513_coral.jpg,coral,0.0243902,0.0569106,0.0406504,0.0162602,0.130081,0.00813008,0.130081,0.146341,0.178862,0.268293
0021_473262513_fish.jpg,fish,0.0243902,0.0569106,0.0406504,0.0162602,0.130081,0.00813008,0.130081,0.146341,0.178862,0.268293
0022_106045396_leaf.jpg,leaf,0.146341,0.0894309,0.0813008,0.0162602,0.0569106,0.0650406,0.113821,0.121951,0.186992,0.121951
0022_2355216100_plane.jpg,plane,0.0325203,0.113821,0.113821,0.113821,0.0894309,0.0650406,0.105691,0.0731707,0.154472,0.138211
0022_298253000_antlers.jpg,antlers,0.0243902,0.0406504,0.0487805,0.0,0.105691,0.0243902,0.0569106,0.105691,0.105691,0.487805
0022_43946201_computer.jpg,computer,0.0569106,0.0569106,0.121951,0.097561,0.0813008,0.0325203,0.0813008,0.203252,0.170732,0.097561
0022_468395542_tower.jpg,tower,0.0406504,0.0731707,0.0162602,0.0,0.0487805,0.00813008,0.0813008,0.113821,0.154472,0.463415
0022_498609706_coral.jpg,coral,0.0406504,0.0813008,0.0243902,0.0731707,0.105691,0.0487805,0.138211,0.235772,0.121951,0.130081
0022_498609706_fish.jpg,fish,0.0406504,0.0813008,0.0243902,0.0731707,0.105691,0.0487805,0.138211,0.235772,0.121951,0.130081
0023_193888626_plane.jpg,plane,0.0650406,0.178862,0.0569106,0.0243902,0.0487805,0.0813008,0.097561,0.0813008,0.138211,0.227642
0023_373456480_boats.jpg,boats,0.0731707,0.138211,0.0406504,0.00813008,0.138211,0.0406504,0.0731707,0.113821,0.138211,0.235772
0023_420328710_zebra.jpg,zebra,0.105691,0.0731707,0.0406504,0.146341,0.097561,0.0569106,0.097561,0.0650406,0.162602,0.154472
0023_664494180_cat.jpg,cat,0.0569106,0.105691,0.0325203,0.0487805,0.121951,0.0325203,0.097561,0.154472,0.178862,0.170732
0024_1311421001_flags.jpg,flags,0.0894309,0.0813008,0.0487805,0.138211,0.0569106,0.195122,0.0894309,0.0894309,0.113821,0.097561
0024_1336652415_plane.jpg,plane,0.0813008,0.0569106,0.121951,0.0650406,0.0813008,0.195122,0.105691,0.097561,0.0650406,0.130081
0024_2301900496_flowers.jpg,flowers,0.0406504,0.113821,0.0243902,0.0,0.121951,0.00813008,0.0731707,0.211382,0.162602,0.243902
0024_265446043_boats.jpg,boats,0.170732,0.0569106,0.0813008,0.0813008,0.0243902,0.105691,0.0569106,0.0731707,0.0813008,0.268293
0024_361715849_antlers.jpg,antlers,0.0243902,0.0325203,0.0569106,0.0487805,0.130081,0.0325203,0.105691,0.186992,0.130081,0.252033
0025_125406680_birds.jpg,birds,0.0325203,0.0731707,0.0650406,0.0325203,0.186992,0.00813008,0.130081,0.0325203,0.113821,0.325203
0025_2205872621_antlers.jpg,antlers,0.0569106,0.130081,0.00813008,0.0243902,0.0813008,0.0,0.130081,0.186992,0.178862,0.203252
0025_371671989_plane.jpg,plane,0.146341,0.154472,0.0487805,0.105691,0.0569106,0.0487805,0.097561,0.113821,0.130081,0.097561
0025_377465084_tower.jpg,tower,0.0569106,0.154472,0.0162602,0.0406504,0.097561,0.0894309,0.0650406,0.211382,0.146341,0.121951
0025_449866352_dog.jpg,dog,0.105691,0.0650406,0.0406504,0.0650406,0.170732,0.0243902,0.113821,0.154472,0.113821,0.146341
0025_542183189_beach.jpg,beach,0.130081,0.138211,0.121951,0.121951,0.0813008,0.0569106,0.121951,0.0650406,0.0650406,0.097561
0026_512455502_coral.jpg,coral,0.0569106,0.0650406,0.0325203,0.0162602,0.0243902,0.0406504,0.0650406,0.146341,0.0813008,0.471545
0027_158181908_whales.jpg,whales,0.097561,0.130081,0.0487805,0.0569106,0.0813008,0.0813008,0.105691,0.121951,0.105691,0.170732
0027_2140372749_snow.jpg,snow,0.186992,0.105691,0.0894309,0.0650406,0.0894309,0.0406504,0.113821,0.0650406,0.121951,0.121951
0027_2182667104_antlers.jpg,antlers,0.130081,0.0569106,0.0650406,0.0243902,0.121951,0.0,0.138211,0.138211,0.121951,0.203252
0028_1070815604_alley.jpg,alley,0.0162602,0.0162602,0.0162602,0.0243902,0.0894309,0.0569106,0.260163,0.211382,0.146341,0.162602
0028_1070815604_flowers.jpg,flowers,0.0162602,0.0162602,0.0162602,0.0243902,0.0894309,0.0569106,0.260163,0.211382,0.146341,0.162602
0028_1525308681_flowers.jpg,flowers,0.0569106,0.113821,0.0406504,0.0325203,0.121951,0.0487805,0.097561,0.0813008,0.178862,0.227642
0028_387314722_birds.jpg,birds,0.0569106,0.0650406,0.0894309,0.0243902,0.0894309,0.0650406,0.0813008,0.162602,0.097561,0.268293
0028_470519612_whales.jpg,whales,0.00813008,0.00813008,0.097561,0.243902,0.0162602,0.0406504,0.113821,0.0813008,0.121951,0.268293
0029_2089504883_cat.jpg,cat,0.0406504,0.0243902,0.0813008,0.0406504,0.162602,0.0569106,0.154472,0.130081,0.170732,0.138211
0029_2657866587_antlers.jpg,antlers,0.0813008,0.121951,0.0487805,0.0243902,0.0731707,0.0487805,0.0650406,0.0813008,0.105691,0.349593
0029_280476613_tree.jpg,tree,0.0650406,0.138211,0.0406504,0.0162602,0.195122,0.0325203,0.097561,0.0731707,0.113821,0.227642
0029_377351015_flowers.jpg,flowers,0.0894309,0.130081,0.0162602,0.0406504,0.113821,0.0243902,0.154472,0.130081,0.138211,0.162602
0029_396245965_beach.jpg,beach,0.113821,0.186992,0.0894309,0.0731707,0.0813008,0.154472,0.105691,0.0487805,0.0650406,0.0813008
0029_456416035_leaf.jpg,leaf,0.0162602,0.0162602,0.0894309,0.0731707,0.138211,0.0325203,0.170732,0.121951,0.276423,0.0650406
0029_70038158_computer.jpg,computer,0.105691,0.138211,0.0569106,0.0650406,0.0731707,0.0487805,0.0813008,0.0894309,0.0569106,0.284553
0030_1038150842_boats.jpg,boats,0.0894309,0.146341,0.0731707,0.203252,0.0650406,0.0650406,0.0650406,0.0731707,0.170732,0.0487805
0030_1091560018_alley.jpg,alley,0.00813008,0.0487805,0.0162602,0.0,0.0569106,0.0243902,0.0894309,0.113821,0.121951,0.520325
0030_2073953208_antlers.jpg,antlers,0.0487805,0.097561,0.0406504,0.0162602,0.0487805,0.0325203,0.121951,0.195122,0.170732,0.227642
0030_2315104664_computer.jpg,computer,0.162602,0.105691,0.0325203,0.0243902,0.0813008,0.0731707,0.0569106,0.121951,0.154472,0.186992
0030_370564052_birds.jpg,birds,0.130081,0.0813008,0.0406504,0.0487805,0.0813008,0.0894309,0.130081,0.203252,0.0894309,0.105691
0030_470099272_boats.jpg,boats,0.146341,0.195122,0.0569106,0.105691,0.0487805,0.0813008,0.0487805,0.0894309,0.097561,0.130081
0031_2587518051_flowers.jpg,flowers,0.0325203,0.0162602,0.0162602,0.0487805,0.138211,0.0406504,0.138211,0.243902,0.211382,0.113821
0031_308061158_antlers.jpg,antlers,0.0406504,0.105691,0.00813008,0.0569106,0.170732,0.0325203,0.0894309,0.130081,0.154472,0.211382
0032_116187127_rocks.jpg,rocks,0.203252,0.146341,0.0569106,0.0325203,0.0487805,0.0894309,0.0569106,0.130081,0.0894309,0.146341
0032_356445281_antlers.jpg,antlers,0.0406504,0.138211,0.0162602,0.0325203,0.121951,0.0243902,0.113821,0.146341,0.138211,0.227642
0032_499334547_birds.jpg,birds,0.0243902,0.0406504,0.0406504,0.0243902,0.105691,0.0731707,0.146341,0.211382,0.170732,0.162602
0032_509095114_zebra.jpg,zebra,0.0731707,0.0813008,0.0487805,0.0406504,0.0813008,0.0569106,0.113821,0.154472,0.178862,0.170732
0033_1033877706_antlers.jpg,antlers,0.0894309,0.097561,0.0731707,0.0487805,0.154472,0.0,0.113821,0.154472,0.0894309,0.178862
0034_115229818_plane.jpg,plane,0.0813008,0.154472,0.0406504,0.121951,0.0650406,0.105691,0.105691,0.154472,0.0813008,0.0894309
0034_1512615089_whales.jpg,whales,0.105691,0.105691,0.0650406,0.138211,0.0569106,0.0894309,0.0406504,0.130081,0.154472,0.113821
0034_2312181054_flowers.jpg,flowers,0.0325203,0.0406504,0.0487805,0.0487805,0.178862,0.0162602,0.154472,0.162602,0.162602,0.154472
0034_308877300_snow.jpg,snow,0.0650406,0.138211,0.0731707,0.0,0.105691,0.0406504,0.0813008,0.195122,0.154472,0.146341
0034_365734438_alley.jpg,alley,0.0487805,0.113821,0.0162602,0.00813008,0.0650406,0.0487805,0.0569106,0.154472,0.203252,0.284553
0034_395512010_train.jpg,train,0.0813008,0.146341,0.0813008,0.0325203,0.113821,0.0325203,0.105691,0.162602,0.0650406,0.178862
0035_1187049547_alley.jpg,alley,0.0162602,0.0487805,0.0325203,0.00813008,0.105691,0.0406504,0.138211,0.219512,0.162602,0.227642
0035_1295687064_bear.jpg,bear,0.0569106,0.0731707,0.0162602,0.0569106,0.0894309,0.0406504,0.113821,0.170732,0.211382,0.170732
0035_22237769_sign.jpg,sign,0.0487805,0.0731707,0.00813008,0.0650406,0.0406504,0.0243902,0.105691,0.178862,0.170732,0.284553
0035_2430966684_beach.jpg,beach,0.138211,0.0650406,0.178862,0.097561,0.097561,0.130081,0.0894309,0.0894309,0.0650406,0.0487805
0035_303498849_leaf.jpg,leaf,0.121951,0.130081,0.0406504,0.0569106,0.0569106,0.0731707,0.121951,0.154472,0.105691,0.138211
0035_404597353_zebra.jpg,zebra,0.0406504,0.0650406,0.0325203,0.00813008,0.0487805,0.0325203,0.097561,0.130081,0.219512,0.325203
0035_411877982_tiger.jpg,tiger,0.0650406,0.0569106,0.0243902,0.0243902,0.154472,0.00813008,0.154472,0.121951,0.162602,0.227642
0035_448290306_horses.jpg,horses,0.0325203,0.0569106,0.0569106,0.0162602,0.154472,0.0,0.170732,0.113821,0.235772,0.162602
0035_889006645_tree.jpg,tree,0.0731707,0.0406504,0.178862,0.105691,0.097561,0.00813008,0.121951,0.097561,0.138211,0.138211
0036_143636966_rocks.jpg,rocks,0.0813008,0.097561,0.0894309,0.0894309,0.0731707,0.0731707,0.097561,0.0569106,0.121951,0.219512
0036_2120309884_beach.jpg,beach,0.0894309,0.105691,0.0731707,0.138211,0.0650406,0.121951,0.105691,0.138211,0.0731707,0.0894309
0036_215996371_fish.jpg,fish,0.0243902,0.0406504,0.0487805,0.0243902,0.0731707,0.0325203,0.0650406,0.211382,0.243902,0.235772
0036_299041166_antlers.jpg,antlers,0.0243902,0.0813008,0.0406504,0.0,0.0813008,0.00813008,0.121951,0.195122,0.195122,0.252033
0036_4508875_alley.jpg,alley,0.0162602,0.0325203,0.0162602,0.0243902,0.0894309,0.00813008,0.097561,0.113821,0.162602,0.439024
0036_470765168_flowers.jpg,flowers,0.0650406,0.0243902,0.0406504,0.0243902,0.0894309,0.0813008,0.0731707,0.186992,0.227642,0.186992
0037_106123689_plane.jpg,plane,0.0813008,0.0650406,0.113821,0.121951,0.0894309,0.0406504,0.154472,0.130081,0.097561,0.105691
0037_2219556511_dog.jpg,dog,0.0,0.0162602,0.00813008,0.0,0.154472,0.0243902,0.0813008,0.227642,0.130081,0.357724
0037_2225233125_flowers.jpg,flowers,0.0487805,0.0813008,0.0487805,0.00813008,0.0487805,0.0569106,0.105691,0.268293,0.146341,0.186992
0037_231623809_tower.jpg,tower,0.130081,0.235772,0.097561,0.0487805,0.0650406,0.0731707,0.0813008,0.0487805,0.097561,0.121951
0037_255881773_antlers.jpg,antlers,0.0731707,0.0406504,0.0406504,0.0406504,0.130081,0.0325203,0.154472,0.105691,0.138211,0.243902
0037_61248472_beach.jpg,beach,0.146341,0.203252,0.0813008,0.0569106,0.138211,0.0813008,0.0894309,0.0325203,0.097561,0.0731707
0038_1340478366_antlers.jpg,antlers,0.0243902,0.0406504,0.0243902,0.00813008,0.0650406,0.0162602,0.0813008,0.195122,0.203252,0.341463
0038_1778354339_coral.jpg,coral,0.0650406,0.154472,0.0406504,0.00813008,0.130081,0.0406504,0.0569106,0.154472,0.121951,0.227642
0038_430357240_beach.jpg,beach,0.097561,0.0569106,0.0569106,0.0243902,0.146341,0.0569106,0.0650406,0.170732,0.138211,0.186992
0039_116022752_leaf.jpg,leaf,0.00813008,0.0325203,0.0325203,0.00813008,0.0731707,0.0162602,0.097561,0.178862,0.162602,0.390244
0039_139819191_snow.jpg,snow,0.130081,0.105691,0.121951,0.0813008,0.0894309,0.0813008,0.0813008,0.0731707,0.105691,0.130081
0039_143963633_plane.jpg,plane,0.0569106,0.170732,0.0731707,0.0813008,0.0731707,0.0813008,0.138211,0.113821,0.130081,0.0813008
0039_223864721_cat.jpg,cat,0.0325203,0.0731707,0.0487805,0.113821,0.130081,0.0406504,0.146341,0.113821,0.178862,0.121951
0039_2693692930_antlers.jpg,antlers,0.146341,0.0894309,0.0569106,0.0813008,0.0731707,0.0487805,0.105691,0.0813008,0.170732,0.146341
0039_321763088_plane.jpg,plane,0.0894309,0.154472,0.138211,0.113821,0.0243902,0.0569106,0.0813008,0.130081,0.146341,0.0650406
0039_442451276_tree.jpg,tree,0.0162602,0.0406504,0.0162602,0.0243902,0.178862,0.0162602,0.113821,0.219512,0.227642,0.146341
0039_540975459_boats.jpg,boats,0.0731707,0.0325203,0.097561,0.113821,0.121951,0.0487805,0.097561,0.203252,0.138211,0.0731707
0039_83047754_window.jpg,window,0.0487805,0.0,0.0162602,0.0162602,0.146341,0.00813008,0.138211,0.203252,0.195122,0.227642
0039_874114329_boats.jpg,boats,0.0650406,0.178862,0.105691,0.211382,0.0731707,0.0243902,0.0813008,0.0650406,0.0813008,0.113821
0040_2550711977_boats.jpg,boats,0.186992,0.178862,0.0813008,0.121951,0.0813008,0.0731707,0.0487805,0.0894309,0.0813008,0.0569106
0040_264768848_beach.jpg,beach,0.113821,0.260163,0.097561,0.0813008,0.0813008,0.0813008,0.0487805,0.130081,0.0325203,0.0731707
0040_520287572_birds.jpg,birds,0.0650406,0.0569106,0.0162602,0.0487805,0.121951,0.0243902,0.162602,0.113821,0.178862,0.211382
0041_378174827_birds.jpg,birds,0.113821,0.0894309,0.121951,0.0569106,0.186992,0.0406504,0.0813008,0.097561,0.130081,0.0813008
0041_492327494_beach.jpg,beach,0.121951,0.105691,0.0894309,0.0243902,0.0813008,0.0569106,0.113821,0.162602,0.130081,0.113821
0042_2282502465_tree.jpg,tree,0.113821,0.0569106,0.0487805,0.097561,0.105691,0.0243902,0.121951,0.121951,0.146341,0.162602
0042_2312682727_flowers.jpg,flowers,0.0487805,0.0243902,0.00813008,0.0162602,0.0731707,0.0243902,0.0650406,0.186992,0.162602,0.390244
0042_332051022_rocks.jpg,rocks,0.0406504,0.178862,0.0243902,0.097561,0.113821,0.0569106,0.097561,0.0813008,0.162602,0.146341
0042_371432847_antlers.jpg,antlers,0.0487805,0.0487805,0.0569106,0.0406504,0.121951,0.0243902,0.121951,0.211382,0.178862,0.146341
0042_461838579_alley.jpg,alley,0.0243902,0.0487805,0.0243902,0.0243902,0.105691,0.0406504,0.113821,0.154472,0.0813008,0.382114
0043_2225760403_cars.jpg,cars,0.097561,0.219512,0.097561,0.0406504,0.0813008,0.0650406,0.113821,0.113821,0.0650406,0.105691
0043_445926647_fish.jpg,fish,0.0406504,0.0406504,0.0487805,0.0813008,0.105691,0.130081,0.0731707,0.097561,0.113821,0.268293
0044_1572801168_antlers.jpg,antlers,0.00813008,0.0569106,0.0487805,0.0406504,0.0569106,0.0894309,0.121951,0.219512,0.0731707,0.284553
0044_2039988461_fish.jpg,fish,0.0243902,0.0406504,0.0162602,0.0,0.113821,0.00813008,0.0894309,0.138211,0.178862,0.390244
0044_2351719475_coral.jpg,coral,0.138211,0.0406504,0.0325203,0.0325203,0.113821,0.0243902,0.105691,0.178862,0.219512,0.113821
0044_639067506_whales.jpg,whales,0.178862,0.121951,0.0813008,0.0487805,0.0487805,0.0650406,0.0406504,0.121951,0.121951,0.170732
0045_1197866219_bear.jpg,bear,0.0569106,0.097561,0.0487805,0.0162602,0.138211,0.0406504,0.0813008,0.203252,0.186992,0.130081
0045_511999827_beach.jpg,beach,0.0406504,0.154472,0.097561,0.186992,0.0569106,0.130081,0.0813008,0.0894309,0.121951,0.0406504
0045_657978554_antlers.jpg,antlers,0.105691,0.0894309,0.0650406,0.0325203,0.0894309,0.0569106,0.097561,0.105691,0.195122,0.162602
0046_1172675049_computer.jpg,computer,0.0650406,0.130081,0.0569106,0.0487805,0.113821,0.0487805,0.097561,0.203252,0.121951,0.113821
0046_2340723703_flags.jpg,flags,0.0731707,0.0569106,0.00813008,0.0243902,0.113821,0.0487805,0.130081,0.146341,0.178862,0.219512
0046_2537109615_antlers.jpg,antlers,0.0325203,0.0487805,0.0487805,0.0162602,0.0569106,0.0162602,0.0731707,0.130081,0.0731707,0.504065
0046_467025574_tree.jpg,tree,0.130081,0.121951,0.138211,0.0731707,0.138211,0.0406504,0.121951,0.0731707,0.0894309,0.0731707
0046_89250252_coral.jpg,coral,0.0162602,0.0406504,0.0162602,0.0487805,0.146341,0.0731707,0.0487805,0.170732,0.138211,0.300813
0047_309820307_beach.jpg,beach,0.0894309,0.203252,0.0894309,0.162602,0.0569106,0.0731707,0.0243902,0.121951,0.097561,0.0813008
0047_466344330_window.jpg,window,0.130081,0.178862,0.0406504,0.0,0.097561,0.0650406,0.0894309,0.105691,0.138211,0.154472
0047_4849633_whales.jpg,whales,0.0813008,0.0813008,0.0406504,0.138211,0.0243902,0.162602,0.0487805,0.0731707,0.0650406,0.284553
0047_622612084_computer.jpg,computer,0.0894309,0.0487805,0.0243902,0.0569106,0.146341,0.0325203,0.138211,0.138211,0.170732,0.154472
0047_868402019_tree.jpg,tree,0.0894309,0.0813008,0.0162602,0.0325203,0.0894309,0.0406504,0.0894309,0.154472,0.219512,0.186992
0048_2154264768_computer.jpg,computer,0.097561,0.121951,0.0731707,0.0406504,0.0650406,0.113821,0.138211,0.121951,0.097561,0.130081
0048_376403930_beach.jpg,beach,0.154472,0.195122,0.0731707,0.0243902,0.0406504,0.138211,0.0731707,0.113821,0.0569106,0.130081
0048_476442702_antlers.jpg,antlers,0.0406504,0.0243902,0.0243902,0.0325203,0.186992,0.0,0.178862,0.195122,0.154472,0.162602
0048_71138082_whales.jpg,whales,0.0162602,0.0325203,0.0243902,0.0325203,0.113821,0.0325203,0.170732,0.186992,0.235772,0.154472
0048_827411295_birds.jpg,birds,0.0894309,0.0813008,0.121951,0.105691,0.146341,0.0487805,0.105691,0.138211,0.0813008,0.0813008
0049_1039916561_zebra.jpg,zebra,0.0487805,0.113821,0.0650406,0.0243902,0.105691,0.0731707,0.0731707,0.146341,0.121951,0.227642
0049_2650509991_flowers.jpg,flowers,0.0894309,0.0813008,0.0487805,0.0162602,0.0894309,0.0325203,0.105691,0.203252,0.138211,0.195122
0049_2689670051_antlers.jpg,antlers,0.0406504,0.0162602,0.105691,0.0894309,0.0731707,0.105691,0.0650406,0.097561,0.0894309,0.317073
0049_277709913_sign.jpg,sign,0.097561,0.146341,0.105691,0.097561,0.097561,0.0487805,0.0569106,0.138211,0.0894309,0.121951
0049_324201720_whales.jpg,whales,0.113821,0.0569106,0.0162602,0.0406504,0.113821,0.0569106,0.105691,0.162602,0.162602,0.170732
0050_103459432_boats.jpg,boats,0.0162602,0.0487805,0.0569106,0.130081,0.0894309,0.0487805,0.0813008,0.178862,0.0731707,0.276423
0050_2074831886_alley.jpg,alley,0.0162602,0.0243902,0.0162602,0.00813008,0.121951,0.00813008,0.113821,0.178862,0.130081,0.382114
0050_23783182_computer.jpg,computer,0.0731707,0.113821,0.0487805,0.0406504,0.130081,0.00813008,0.138211,0.162602,0.170732,0.113821
0050_943084476_tiger.jpg,tiger,0.0650406,0.097561,0.0487805,0.00813008,0.113821,0.00813008,0.121951,0.252033,0.162602,0.121951
0051_1219375813_whales.jpg,whales,0.0894309,0.146341,0.162602,0.0569106,0.0325203,0.0731707,0.0813008,0.097561,0.146341,0.113821
0051_1384283201_birds.jpg,birds,0.178862,0.121951,0.0487805,0.138211,0.0650406,0.0569106,0.0894309,0.0894309,0.121951,0.0894309
0051_209779652_plane.jpg,plane,0.0650406,0.0813008,0.0325203,0.130081,0.0813008,0.0813008,0.178862,0.0650406,0.121951,0.162602
0051_2576534437_flowers.jpg,flowers,0.0406504,0.0569106,0.0325203,0.0243902,0.130081,0.0,0.138211,0.162602,0.146341,0.268293
0051_536758690_tower.jpg,tower,0.105691,0.154472,0.0406504,0.0162602,0.113821,0.0569106,0.105691,0.105691,0.105691,0.195122
0052_199519492_train.jpg,train,0.0406504,0.0813008,0.0813008,0.0243902,0.121951,0.105691,0.105691,0.178862,0.105691,0.154472
0052_2115146154_tiger.jpg,tiger,0.0162602,0.105691,0.0325203,0.0243902,0.154472,0.0162602,0.130081,0.268293,0.138211,0.113821
0052_2327250885_dog.jpg,dog,0.0731707,0.0325203,0.0243902,0.00813008,0.138211,0.0162602,0.0894309,0.235772,0.211382,0.170732
0052_2392702031_boats.jpg,boats,0.0487805,0.113821,0.0894309,0.0325203,0.0813008,0.0243902,0.0650406,0.195122,0.154472,0.195122
0052_2741123395_beach.jpg,beach,0.0650406,0.138211,0.0325203,0.00813008,0.0813008,0.0650406,0.0325203,0.130081,0.0894309,0.357724
0053_439030260_dog.jpg,dog,0.0650406,0.0650406,0.0569106,0.0243902,0.178862,0.105691,0.0731707,0.105691,0.203252,0.121951
0054_108725456_flags.jpg,flags,0.0243902,0.0813008,0.0487805,0.0487805,0.0731707,0.186992,0.0406504,0.162602,0.154472,0.178862
0054_2200348313_zebra.jpg,zebra,0.0325203,0.0650406,0.0,0.00813008,0.0731707,0.0894309,0.0569106,0.146341,0.130081,0.398374
0054_385255469_balloons.jpg,balloons,0.0162602,0.0243902,0.0243902,0.00813008,0.097561,0.0487805,0.105691,0.097561,0.154472,0.422764
0054_6550511_coral.jpg,coral,0.0406504,0.0487805,0.0162602,0.0406504,0.097561,0.0243902,0.170732,0.170732,0.227642,0.162602
0055_2527755621_baby.jpg,baby,0.0325203,0.0325203,0.0243902,0.0325203,0.186992,0.0243902,0.130081,0.138211,0.219512,0.178862
0055_97982661_balloons.jpg,balloons,0.00813008,0.0569106,0.0894309,0.178862,0.0162602,0.219512,0.0243902,0.146341,0.113821,0.146341
0056_1083507712_balloons.jpg,balloons,0.0,0.0650406,0.00813008,0.0,0.0406504,0.0487805,0.0731707,0.154472,0.162602,0.447154
0056_12246629_computer.jpg,computer,0.121951,0.0813008,0.0731707,0.0569106,0.105691,0.0813008,0.0569106,0.138211,0.130081,0.154472
0056_2470782800_zebra.jpg,zebra,0.0162602,0.0243902,0.0406504,0.0,0.0650406,0.0162602,0.0731707,0.178862,0.186992,0.398374
0056_2553977241_birds.jpg,birds,0.0406504,0.0813008,0.0325203,0.0325203,0.121951,0.0243902,0.162602,0.178862,0.138211,0.186992
0056_2576774243_zebra.jpg,zebra,0.0406504,0.0569106,0.0162602,0.0243902,0.0894309,0.0487805,0.121951,0.146341,0.154472,0.300813
0056_523072803_horses.jpg,horses,0.0243902,0.0325203,0.0325203,0.0162602,0.0813008,0.0325203,0.0731707,0.146341,0.146341,0.414634
0057_2377973593_boats.jpg,boats,0.146341,0.113821,0.0569106,0.105691,0.0569106,0.0731707,0.0894309,0.097561,0.113821,0.146341
0057_2424912155_flowers.jpg,flowers,0.0569106,0.00813008,0.0487805,0.0487805,0.170732,0.0,0.178862,0.097561,0.227642,0.162602
0057_308442203_beach.jpg,beach,0.113821,0.243902,0.0731707,0.105691,0.0325203,0.105691,0.0569106,0.097561,0.0650406,0.105691
0057_337933791_birds.jpg,birds,0.0162602,0.0487805,0.113821,0.0243902,0.0894309,0.0,0.0650406,0.0731707,0.170732,0.398374
0057_36443540_horses.jpg,horses,0.097561,0.211382,0.146341,0.0162602,0.0650406,0.0813008,0.0650406,0.097561,0.138211,0.0813008
0057_580420344_balloons.jpg,balloons,0.0406504,0.0243902,0.0487805,0.0325203,0.138211,0.00813008,0.130081,0.146341,0.235772,0.195122
0058_1059299865_zebra.jpg,zebra,0.0406504,0.0243902,0.0487805,0.0,0.113821,0.0162602,0.0487805,0.105691,0.105691,0.495935
0058_2316473778_alley.jpg,alley,0.0487805,0.0243902,0.0325203,0.00813008,0.178862,0.0162602,0.121951,0.178862,0.211382,0.178862
0058_277945534_fish.jpg,fish,0.0243902,0.0325203,0.00813008,0.0650406,0.113821,0.0813008,0.138211,0.186992,0.186992,0.162602
0058_399659643_beach.jpg,beach,0.0894309,0.0650406,0.0569106,0.113821,0.113821,0.0162602,0.097561,0.0813008,0.0731707,0.292683
0058_55043995_baby.jpg,baby,0.138211,0.121951,0.0650406,0.097561,0.138211,0.0325203,0.105691,0.121951,0.0894309,0.0894309
0058_593117777_bear.jpg,bear,0.113821,0.097561,0.0813008,0.0813008,0.121951,0.0243902,0.113821,0.121951,0.154472,0.0894309
0058_593117777_dog.jpg,dog,0.113821,0.097561,0.0813008,0.0813008,0.121951,0.0243902,0.113821,0.121951,0.154472,0.0894309
0059_2209707870_beach.jpg,beach,0.0650406,0.178862,0.0569106,0.0894309,0.0569106,0.097561,0.0487805,0.130081,0.097561,0.178862
0059_2434669693_plane.jpg,plane,0.0894309,0.130081,0.0813008,0.0813008,0.0731707,0.195122,0.0487805,0.113821,0.105691,0.0813008
0059_407034010_snow.jpg,snow,0.0487805,0.146341,0.0731707,0.0406504,0.138211,0.0487805,0.121951,0.130081,0.121951,0.130081
0060_2175139584_alley.jpg,alley,0.0406504,0.0243902,0.00813008,0.00813008,0.105691,0.0487805,0.121951,0.097561,0.105691,0.439024
0060_2175139584_tree.jpg,tree,0.0406504,0.0243902,0.00813008,0.00813008,0.105691,0.0487805,0.121951,0.097561,0.105691,0.439024
0060_2278738277_zebra.jpg,zebra,0.0162602,0.0406504,0.0,0.0243902,0.0569106,0.0406504,0.0650406,0.170732,0.178862,0.406504
0060_2415232057_birds.jpg,birds,0.0894309,0.146341,0.0569106,0.0406504,0.154472,0.0731707,0.170732,0.0894309,0.0731707,0.105691
0061_2550836757_cat.jpg,cat,0.0569106,0.154472,0.0325203,0.0406504,0.0569106,0.162602,0.0406504,0.138211,0.154472,0.162602
0062_2187039102_alley.jpg,alley,0.00813008,0.0243902,0.0,0.0,0.0569106,0.00813008,0.0894309,0.186992,0.130081,0.495935
0062_2326238046_zebra.jpg,zebra,0.0650406,0.0731707,0.00813008,0.0325203,0.138211,0.0,0.0894309,0.162602,0.195122,0.235772
0062_378569882_rocks.jpg,rocks,0.113821,0.0894309,0.0731707,0.130081,0.0650406,0.0894309,0.097561,0.0406504,0.203252,0.097561
0062_430446668_fish.jpg,fish,0.0406504,0.0406504,0.0894309,0.105691,0.0894309,0.0325203,0.130081,0.186992,0.195122,0.0894309
0062_77405592_computer.jpg,computer,0.0325203,0.105691,0.00813008,0.105691,0.121951,0.0243902,0.162602,0.162602,0.162602,0.113821
0063_100471849_snow.jpg,snow,0.0650406,0.0731707,0.0406504,0.0406504,0.0894309,0.0894309,0.113821,0.195122,0.146341,0.146341
0063_135358119_rocks.jpg,rocks,0.0813008,0.121951,0.113821,0.138211,0.0731707,0.0325203,0.0894309,0.0894309,0.0813008,0.178862
0063_1798724650_horses.jpg,horses,0.186992,0.162602,0.097561,0.0243902,0.0569106,0.0894309,0.0487805,0.121951,0.0569106,0.154472
0063_2206430814_train.jpg,train,0.0650406,0.0569106,0.0243902,0.0406504,0.0650406,0.0406504,0.138211,0.211382,0.162602,0.195122
0063_464299671_baby.jpg,baby,0.0,0.0325203,0.0406504,0.0569106,0.146341,0.0325203,0.138211,0.170732,0.138211,0.243902
0063_519051833_tower.jpg,tower,0.0162602,0.0487805,0.0243902,0.0243902,0.130081,0.0406504,0.105691,0.211382,0.211382,0.186992
0063_75362215_birds.jpg,birds,0.0650406,0.0813008,0.0406504,0.0569106,0.130081,0.0162602,0.195122,0.146341,0.113821,0.154472
0064_145274946_cars.jpg,cars,0.162602,0.097561,0.105691,0.0650406,0.097561,0.0569106,0.121951,0.0650406,0.113821,0.113821
0064_628653600_beach.jpg,beach,0.0406504,0.0894309,0.170732,0.097561,0.0894309,0.121951,0.130081,0.0569106,0.113821,0.0894309
0065_1944797327_tree.jpg,tree,0.113821,0.121951,0.0650406,0.0650406,0.0813008,0.0487805,0.0894309,0.146341,0.121951,0.146341
0066_1891878972_plane.jpg,plane,0.154472,0.211382,0.097561,0.0487805,0.0813008,0.0569106,0.105691,0.0569106,0.146341,0.0406504
0066_2283108985_balloons.jpg,balloons,0.0406504,0.0325203,0.0325203,0.0162602,0.113821,0.0162602,0.097561,0.146341,0.130081,0.373984
0066_62415258_baby.jpg,baby,0.00813008,0.0406504,0.0894309,0.0,0.154472,0.00813008,0.219512,0.178862,0.162602,0.138211
0067_181145382_tower.jpg,tower,0.0325203,0.0406504,0.0487805,0.0569106,0.0894309,0.0243902,0.130081,0.260163,0.186992,0.130081
0067_2286202620_dog.jpg,dog,0.0325203,0.0894309,0.0487805,0.0569106,0.130081,0.00813008,0.138211,0.154472,0.203252,0.138211
0067_2352548585_plane.jpg,plane,0.097561,0.154472,0.0406504,0.186992,0.105691,0.0894309,0.0813008,0.130081,0.0894309,0.0243902
0067_613541644_zebra.jpg,zebra,0.0569106,0.0569106,0.0487805,0.00813008,0.0569106,0.0162602,0.130081,0.154472,0.219512,0.252033
0067_85175647_birds.jpg,birds,0.0162602,0.0325203,0.0650406,0.178862,0.121951,0.0650406,0.186992,0.113821,0.162602,0.0569106
0068_1064208624_antlers.jpg,antlers,0.00813008,0.0325203,0.130081,0.0650406,0.146341,0.0487805,0.130081,0.121951,0.211382,0.105691
0068_54026720_coral.jpg,coral,0.0650406,0.00813008,0.00813008,0.0162602,0.097561,0.0,0.0650406,0.170732,0.203252,0.365854
0068_862770109_beach.jpg,beach,0.105691,0.0813008,0.138211,0.0487805,0.0650406,0.097561,0.105691,0.121951,0.097561,0.138211
0069_2085036913_antlers.jpg,antlers,0.0243902,0.0650406,0.0325203,0.0162602,0.154472,0.0325203,0.138211,0.0894309,0.0650406,0.382114
0069_397396361_beach.jpg,beach,0.162602,0.097561,0.097561,0.0894309,0.0894309,0.0487805,0.105691,0.138211,0.138211,0.0325203
0070_178243628_beach.jpg,beach,0.121951,0.113821,0.0406504,0.105691,0.105691,0.0650406,0.097561,0.105691,0.154472,0.0894309
0070_502747510_balloons.jpg,balloons,0.0406504,0.0162602,0.0,0.0650406,0.097561,0.0325203,0.105691,0.243902,0.219512,0.178862
0071_2059297978_boats.jpg,boats,0.0650406,0.0731707,0.0406504,0.0,0.113821,0.0325203,0.105691,0.186992,0.154472,0.227642
0071_2363465757_flowers.jpg,flowers,0.0243902,0.0243902,0.0569106,0.0894309,0.154472,0.0325203,0.121951,0.268293,0.162602,0.0650406
0071_2387396872_horses.jpg,horses,0.0325203,0.105691,0.0487805,0.0243902,0.0813008,0.0243902,0.130081,0.243902,0.105691,0.203252
0071_2750499776_window.jpg,window,0.0569106,0.162602,0.0406504,0.00813008,0.113821,0.0569106,0.0731707,0.170732,0.146341,0.170732
0071_347095105_antlers.jpg,antlers,0.0325203,0.0243902,0.0162602,0.0,0.0731707,0.0243902,0.130081,0.260163,0.186992,0.252033
0071_429220598_flowers.jpg,flowers,0.0731707,0.0406504,0.113821,0.0813008,0.105691,0.0731707,0.0650406,0.162602,0.146341,0.138211
0072_1362473050_beach.jpg,beach,0.138211,0.138211,0.0569106,0.243902,0.0243902,0.138211,0.0487805,0.097561,0.0650406,0.0487805
0072_331071453_train.jpg,train,0.0487805,0.105691,0.0569106,0.0406504,0.162602,0.0487805,0.0406504,0.097561,0.170732,0.227642
0072_364103924_birds.jpg,birds,0.105691,0.097561,0.0487805,0.0487805,0.0813008,0.0569106,0.0731707,0.138211,0.195122,0.154472
0072_392167241_antlers.jpg,antlers,0.105691,0.0894309,0.0813008,0.0650406,0.121951,0.0813008,0.0569106,0.105691,0.146341,0.146341
0072_415492582_flowers.jpg,flowers,0.0731707,0.0243902,0.0325203,0.0487805,0.0650406,0.0569106,0.0894309,0.105691,0.146341,0.357724
0073_1336938541_balloons.jpg,balloons,0.0325203,0.0731707,0.0243902,0.0569106,0.097561,0.0162602,0.195122,0.195122,0.170732,0.138211
0073_267057696_antlers.jpg,antlers,0.0406504,0.0325203,0.0162602,0.0569106,0.0650406,0.0325203,0.105691,0.105691,0.105691,0.439024
0073_780252863_tower.jpg,tower,0.0487805,0.0894309,0.0569106,0.0162602,0.0406504,0.0406504,0.0894309,0.0813008,0.0894309,0.447154
0074_174892466_leaf.jpg,leaf,0.0162602,0.0162602,0.113821,0.0731707,0.162602,0.0325203,0.178862,0.130081,0.130081,0.146341
0074_2341697341_balloons.jpg,balloons,0.0243902,0.0650406,0.0813008,0.0,0.105691,0.00813008,0.097561,0.113821,0.0813008,0.422764
0074_267051756_antlers.jpg,antlers,0.105691,0.0569106,0.178862,0.097561,0.0569106,0.0569106,0.0813008,0.121951,0.121951,0.121951
0074_349197206_tiger.jpg,tiger,0.0162602,0.0243902,0.0162602,0.00813008,0.0569106,0.00813008,0.105691,0.178862,0.203252,0.382114
0075_1736659214_tree.jpg,tree,0.121951,0.0813008,0.0406504,0.0325203,0.105691,0.0650406,0.0487805,0.195122,0.138211,0.170732
0075_1882016248_antlers.jpg,antlers,0.0243902,0.0325203,0.0325203,0.00813008,0.130081,0.0162602,0.154472,0.170732,0.211382,0.219512
0075_2291230848_cars.jpg,cars,0.154472,0.146341,0.0325203,0.0487805,0.0406504,0.105691,0.0894309,0.0813008,0.121951,0.178862
0076_216300934_flags.jpg,flags,0.0813008,0.0731707,0.097561,0.0487805,0.0731707,0.0650406,0.0894309,0.105691,0.154472,0.211382
0076_2654342366_zebra.jpg,zebra,0.0569106,0.0813008,0.0487805,0.0162602,0.0894309,0.0243902,0.0731707,0.146341,0.252033,0.211382
0076_280274406_rainbow.jpg,rainbow,0.105691,0.121951,0.0650406,0.113821,0.105691,0.0487805,0.146341,0.097561,0.097561,0.097561
0076_61124980_sign.jpg,sign,0.0731707,0.00813008,0.0325203,0.0325203,0.130081,0.0243902,0.203252,0.154472,0.138211,0.203252
0076_67044764_antlers.jpg,antlers,0.0243902,0.0406504,0.0406504,0.0894309,0.0650406,0.0243902,0.0813008,0.105691,0.162602,0.365854
